iter,E_line,E_pose,E_plane,E_centroids,E_total,x0,x1,x2,x3,x4,x5,x6,x7,x8,x9,x10,x11,x12,x13,x14,x15,x16,x17,x18,x19,x20,x21,x22
25,13901706708.487144,26.056405443423582,4.502670627272754,0.0,2780341358.231806,0.9999999928028479,0.9659854035917707,-117168.98437500001,0.9973808033960239,0.9999999925689338,-65569.38281250003,-0.9999999928695615,0.9589017867530416,-115017.46484375,-0.9909088878144251,-1.0000000073828466,-156044.0703125,0.9999999999708961,6.1722667609544575e-12,0.003906250020724182,6.172266754178194e-12,0.736331323114745,0.17797065429557857,1.257893915307773,-0.9828324059544666,-0.27806871609572953,-1.0000000094150892,2.8865266183471023
50,0.019861031926486448,0.007111793822535897,0.008731342147052039,0.0,0.009985551108229235,0.9999999999999281,9.65985403591771e-06,-0.17169984375000058,9.973808034021473e-06,0.9999999999999257,0.3442961718749996,-0.9999999999999287,9.58901786765288e-06,-0.15018464843750023,-9.90908887832795e-06,-1.0000000000000737,-0.5604507031250003,0.9999999999999997,6.17226676095446e-17,3.906250020724183e-08,6.172266754178195e-17,-0.0129773457527522,-0.5431494730802743,1.2578939302089343,-9.828324059544669e-06,-2.780687160957296e-06,-1.0000000000000941,1.2579102016348034
75,0.014018932269659942,0.004123523067281636,0.0086153755069544,0.0,0.0070009753956918495,1.00000016914724,-0.01748084663861506,-0.1394728859485399,0.01750264867139406,0.9999998253560759,0.3325316425885512,-1.0000001678435089,-0.017480854825940313,-0.13973067257595476,0.017482994583660216,-1.000000173210826,-0.5235353600512234,0.9999999999357515,-0.00011712033664511026,0.0011701334449174768,0.0017197996011909945,0.0003679738898584254,-0.5205309822439448,1.2883652711429476,-0.017502459959643234,-0.017493382836693678,-0.9999997797466601,1.23592909889687
100,0.014354514614978364,0.003910217301134729,0.008615456096246327,0.0,0.006940124522925775,0.9999984361450209,-0.0175791085539512,-0.13916490658928235,0.017600908270479526,0.9999980902519555,0.3293820918286973,-0.9999984348381772,-0.017579116740457718,-0.14825740348050337,0.01758125613551648,-0.9999984400039851,-0.514301022904298,0.9999968597281389,-0.0004308079406954736,0.002365187728329572,0.0027197771105399067,0.0004429221135789761,-0.5204039291457204,1.2882364346158333,-0.01760071971260764,-0.01759164349841001,-0.999996310399988,1.2358055059869804
125,0.013272483199551245,0.003042587117217715,0.008615621601926292,0.0,0.006203173230626137,0.9999952768554107,-0.017757248963289396,-0.1492694171057738,0.017598282552980286,0.9999981087291601,0.36257030402896795,-0.9999952755433114,-0.017757257148311622,-0.1477539058573639,0.01775939614574059,-0.9999952803342812,-0.5021382734768752,0.9999317921973958,-0.004671171930892617,0.01711618917729579,0.013138255142599342,0.0005788239614068706,-0.5201735927956915,1.2880028650624682,-0.017778856203636634,-0.017769781635043207,-0.9999899857977051,1.2355814426610852
150,0.013304396670003668,0.003010758511014665,0.008613740534684567,0.0,0.006190082547546447,0.9999952796184589,-0.01775686545671291,-0.15266927392110113,0.017597914353802323,0.9999981114235157,0.36089825502058676,-0.9999952783062346,-0.017756873650677674,-0.14527150298276426,0.017759012260985935,-0.9999952831037733,-0.5003489209449109,0.9999661049966001,-0.006222804145668406,0.01729798379819477,0.009737905767052458,0.0005589622934996154,-0.5201796744183284,1.2879687821758419,-0.01780485019874546,-0.017795775870281545,-0.9999890536092741,1.2356281317347824
175,0.013196898946055767,0.002971993382302278,0.008603402755638373,0.0,0.006143256369720194,0.9999952950562051,-0.01775472291791749,-0.15064117052166795,0.017595763816301898,0.9999981264438008,0.3626026532163205,-0.9999952937441743,-0.017754731553272392,-0.14633975731238788,0.017756872414600937,-0.9999952985410057,-0.5003727688267101,1.00012379833363,-0.018006461755331472,0.01740893700046127,-0.014185230800060754,0.0004483165970917928,-0.5202135542320006,1.2877789209345334,-0.017949657515330036,-0.017940575835274582,-0.9999838533571496,1.235888233204634
200,6.223708071819303,14772.543764419544,6.845138414285085,0.0,8866.140027948948,1.0001,-0.0031900647747956975,2.6122353558200806,0.0031043133463557054,1.0001,-0.5377966661588123,-1.0001,-0.0031917869435599787,3.230130202733927,0.003232699301373012,-1.0001,2.163694323935947,0.15531405764838202,-51.42361069478415,0.8803350183244739,6.773078721690016,-0.749994637318355,-0.7499935975368908,0.00015969234746426864,-1.0000797325557769,-0.9999324251568128,-0.9644310048585437,3.0
225,0.01106390914860649,0.002339825223295928,0.008403533552736715,0.0,0.005297383674246198,0.9999957665675242,-0.017689134790712314,-0.13819927897288012,0.017530505360698587,0.9999985852047066,0.358547940464788,-0.9999957652614018,-0.017689151142516592,-0.13113470827740256,0.017691466601135263,-0.9999957700366319,-0.48837583970923876,0.9963194187050973,-0.24949815049688648,0.02129489882904492,0.0163794365691654,-0.0029311068976420624,-0.5212483085366602,1.2819804646352841,-0.02237242334071264,-0.02236271919729789,-0.9998237355049325,1.2438324489787171
250,0.007467476927154788,0.0009781737738087336,0.008832893781680501,0.0,0.0038469784060522977,0.9999968766415094,-0.017534670912427403,-0.11682096099021758,0.017376383169009225,0.9999996652605323,0.3588107995226148,-0.999996875349297,-0.017534687079969753,-0.1015197978930156,0.017537039628821947,-0.9999968800736715,-0.45807314558419265,1.0514354603045437,-0.03498379740531568,-0.05244592598326753,0.00916686647428637,-0.010887304095691636,-0.523684487560407,1.268327661722828,-0.03278506441256045,-0.032775281619049274,-0.9993544068630711,1.2625354300260443
275,0.007264056947775584,0.0008158409403541554,0.008896181450477283,0.0,0.0037215522438630673,0.9999969400493739,-0.017525773091183975,-0.11413715851563258,0.0173675022715266,0.9999997269500438,0.3567427542118307,-0.999996938759935,-0.01752578914352271,-0.09918459768786092,0.017528141689557235,-0.9999969434771008,-0.4571222294441577,1.054649898893543,-0.015195407275880882,-0.0008402024345763176,0.007565202049336373,-0.011341799811447598,-0.5238236527896474,1.2675477411967135,-0.033379901733739045,-0.033370110063876524,-0.999315120603736,1.2636038337672717
300,0.007242243529556602,0.0009294579924928748,0.008049445765652164,0.0,0.003616012654537478,0.9999991801063589,-0.017211287716333467,-0.1264052547564695,0.01705360664324844,1.0000019064321017,0.36537223630515314,-0.9996193727369113,-0.03888252169390538,-0.0978198535424225,0.01721364760898063,-0.9999991834596685,-0.46580249335870577,1.0533913429353343,-0.02394906400145236,-0.011179939476201117,0.002567815498162699,-0.027396898134733803,-0.528739706475568,1.249444476566548,-0.011583481935638469,-0.054382458525403986,-0.9993321803361221,1.2361387845925198
325,0.008011553654805461,0.0006560527443942987,0.006635048578506117,0.0,0.0033229520932988948,1.000009262095723,-0.015769708205439884,-0.07178306014344829,0.015614538328375838,1.0000117157888915,0.39214939069932553,-0.9958429438458034,-0.13500426165198653,-0.19632530227664613,0.015772030382771363,-1.0000092651137016,-0.48839104352335666,1.047702784543798,-0.03917598638445724,-0.02554335710773823,-0.01685781273551556,0.05034279167873958,-0.5508657358280112,1.2617948682182725,0.06206968223848503,-0.14895420116853567,-0.9949515490863928,1.16741751794143
350,0.007730017184999695,0.0006206583030431224,0.0065575955252125335,0.0,0.0032299175238683186,1.0000102037388325,-0.01562207416558001,-0.07891812643574961,0.02583116125111899,0.9998508030478387,0.3832447615974559,-0.9945741280753062,-0.14398190255667442,-0.1941284174669423,0.0259870189117162,-0.9998467536305425,-0.48170072074672393,1.0477570572900776,-0.03268379948680302,-0.01345638913635035,-0.016058742639374242,0.04203713270269608,-0.537365836425226,1.2667288802858254,0.0510468818813655,-0.15263429200285067,-0.9950049775709117,1.1606852524861062
375,0.007132014152014799,0.0006953446477150631,0.006378623371692693,0.0,0.0031193342933705363,1.0000126623333279,-0.015232943973775531,-0.09489072998702473,0.025371568718213458,0.9998576259716171,0.3853044835845614,-0.9910443335653417,-0.16742231231302235,-0.18775308069718447,0.05265811428264258,-0.9991485089155391,-0.4824102951517302,1.045883129111718,-0.04192202983414274,-0.022340501134886857,-0.02742290871600685,0.02035125199507191,-0.5407969728646737,1.2797069393131586,0.07703184124114956,-0.1758378003847322,-0.9898931508045073,1.153894327846897
400,0.00746202749885123,0.0005336793697153416,0.006000449752490596,0.0,0.00301270307209757,1.0000151631483747,-0.014826879381652567,-0.09718477067280541,0.02489549514095069,0.9998645660772414,0.3598647814660061,-0.9868690934095122,-0.1912650940969414,-0.20040746944868293,0.05185007829541056,-0.9991757537817937,-0.45804769148137264,1.0436687688365611,-0.06773209188526157,-0.016847714938711095,-0.026315722097641978,0.020732534104245665,-0.5038364645874069,1.2670922854481235,0.06489204553000741,-0.19943961412320413,-0.9864032551598141,1.1346693830003083
425,0.007556246164630252,0.0003012230904827517,0.0060088188975991105,0.0,0.002893746866735523,1.0000191359699948,-0.014163872631034415,-0.10686826956460914,0.024124520899552238,0.9998756061044359,0.36229519849155456,-0.9874886972322631,-0.18678366636842134,-0.19290701435683477,0.050546101034775436,-0.9992190352724382,-0.4613073248436341,1.0395747060687315,-0.1063652046673578,0.0013930121315177957,-0.0165712402627778,0.010690961628823681,-0.5153640473846164,1.2676538309133352,0.01501957370954371,-0.21050111091419244,-0.9870446595005736,1.1337374061286214
450,0.007350720784553467,0.0002344011046070763,0.005644948077009102,0.0,0.0027397744350767597,1.0000272223729954,-0.012749644516217145,-0.10525380738727376,0.022503878109825858,0.9998980320829473,0.3548444292264328,-0.9715973519062148,-0.2681152997276055,-0.22700046301982732,0.04782171504217514,-0.9993071317451944,-0.4519126093805461,1.0301094289123873,-0.15257389761703882,-0.05582305633335698,-0.040062891066013386,0.015966127666557216,-0.5130156954122108,1.281429464864572,0.11352761633858933,-0.2894609998227732,-0.9677543805427158,1.0764084811962449
475,0.00724502654461295,0.000287343129363995,0.005508971843865474,0.0,0.0027232055553140814,1.0000287898053015,-0.012443404477910253,-0.10277085552752244,0.022165837152087666,0.9999023819229959,0.35472532527457307,-0.9670708767753469,-0.2838802617063363,-0.23478718776758667,0.04726184291336673,-0.9993242079733323,-0.4504648469411248,1.0288853153670174,-0.15868863414380727,-0.0461991327756075,-0.03770405403754822,0.018739988158049288,-0.5105716236550009,1.2805918324673073,0.09636368070513543,-0.30476623340951586,-0.9648202966897232,1.0654654480999122
500,0.006665926149311904,0.000376883361867199,0.00443302110516772,0.0,0.002445919468016244,1.0000316727732363,-0.011866167490904972,-0.1185013771356936,0.021534520662349226,0.9999103825552333,0.3530082967624929,-0.9582280691439609,-0.31287665117743496,-0.22031496225939393,0.08583780612543718,-0.9974819263482609,-0.44662162562362284,1.0237355199211835,-0.1776705551495222,-0.05228911830056217,-0.04398790121544724,-0.008130478810627135,-0.5104742106502101,1.2639273541078895,0.06746875456423236,-0.3329170475109234,-0.9581206582466947,1.0282264527844576
525,0.004947761506355488,0.004173071580364378,0.0032090024751473614,0.0,0.004135195744519197,1.0000999999938094,0.0024944705946654024,-0.07844169856072607,0.006124160538349686,1.0000999999701143,0.3320438019356013,-0.7254415731430358,-1.000099998974553,-0.5259585837830144,0.04179378638724013,-1.0000999999437141,-0.4266696302872383,0.9781235110169961,-0.19878435752153983,-0.04183000149498129,-0.07479335886782575,0.046633944793979865,-0.471647389461808,1.2389566492484263,0.03868112202309353,-0.3947645169795761,-0.9212377195885441,0.9485848919435027
550,0.009689372738579581,0.1432886197096709,0.0013803833553395694,0.0,0.08818712304458637,1.000099999980679,0.005486723927870215,0.04550270891888704,0.004385478417514771,1.0000999999118383,0.4616356223069056,-0.6770914647636102,-0.9297956890636294,-0.5980109954705889,0.038338045637578165,-1.000099999869569,-0.4946380676923375,0.9215424289226253,-0.5111033481228386,-0.016644969353831834,-0.11203072955222937,0.21361857530331044,-0.531768515356705,1.0895985219451376,0.0842578373116547,-1.0000999988014307,-0.6997820805868139,0.24028230503238113
575,0.005625800262974838,0.0005664825321257589,0.003106100030898076,0.0,0.0020862695780500384,1.0000478555166081,-0.008165742200943767,-0.09661912837945677,0.01771083439390578,0.9999552918869594,0.36100220925718807,-0.8982594761220588,-0.4686094627945289,-0.2999094013230695,0.07506076534744467,-0.998101995710068,-0.44869300206465434,1.0072745795685774,-0.2139030860258932,-0.047293458610970944,-0.055007659575368115,0.021538491127225043,-0.5072905074440784,1.2430774336771073,0.06520831021499994,-0.4080986641996529,-0.9272396712673109,0.9385337551352152
600,0.005361264184294904,0.0006081270496393899,0.0028367611444286133,0.0,0.0020044812955283373,1.0000535415574552,-0.006385095401209278,-0.09108443928641138,0.016129547643900555,0.9999710714323325,0.3582964951422912,-0.8717940097854477,-0.5162609475734562,-0.3206204643470234,0.07082592197190815,-0.9983198660055638,-0.44258520186151434,1.000883003820157,-0.22573097143912638,-0.05013269225455596,-0.05857242168151149,0.027990986142987864,-0.49971492485029056,1.2389206091811575,0.06923895953249717,-0.42974072368869043,-0.9156335231763222,0.9144418838220298
625,0.005078434463206556,0.0005981762778928834,0.0026363049652428066,0.0,0.0019018536524256025,1.0000581874017096,-0.0044996296146405206,-0.08086706271144997,0.014703110724075076,0.9999839642890993,0.3582280320619529,-0.8416191875668948,-0.5646448528161105,-0.34635648962608284,0.06714566478571364,-0.9984978794050074,-0.43839802932016314,0.9964607025077112,-0.23102813917620846,-0.051074984819632845,-0.06284009791845886,0.04089350105870392,-0.4933269528704747,1.2336800310564073,0.07522328033149474,-0.4410802359413227,-0.9083378247829036,0.8953209601917446
650,0.004543183730681032,0.0006891948089248342,0.0017557078326355885,0.0,0.0016732951980182246,1.0000780543653198,0.007129413898787271,-0.06007116817391056,0.007978544486041714,1.000039097845496,0.3522836668209811,-0.7678910430637315,-0.6631169219023989,-0.3895361764466297,0.05049518480145394,-0.9992591157993282,-0.4231883577465147,0.9743573500974084,-0.26919594071942893,-0.05470766927879896,-0.07019876398184074,0.06259565317975155,-0.473939724982639,1.2179092390634847,0.0759784536345007,-0.516195515762609,-0.8651860849719657,0.8029490205868423
675,0.004606656972445241,0.0007099282197219657,0.00043247304133664895,0.0,0.0014337829345895576,1.0000999999999498,-0.010462335820833491,-0.05708692202998263,-0.008544722722906632,1.0000999999994504,0.351659978703709,-0.7891632754018748,-0.6163301349665202,-0.3703234628264204,0.02327411227383997,-1.0000999999951885,-0.40420006639076206,0.9391585563924615,-0.3457531086847994,-0.03694731509578285,-0.06705348458614148,0.07301723492439693,-0.44320948660814297,1.1759341431370687,0.04883658547821186,-0.676495611542377,-0.7599223253579765,0.5842895974627942
700,0.004780642963088343,0.0006016218250025183,0.00039718990038478674,0.0,0.0013965396676961371,0.9996213350073114,-0.055544461421880326,-0.0761496188949949,-0.007816945598462289,1.0000999999994753,0.3499117098251897,-0.7967725143155104,-0.606489470919152,-0.3666600201791897,0.022548257199143096,-1.0000999999954074,-0.40244052162775035,0.9390627663077468,-0.34673164345603713,-0.033314044959587,-0.0628291544246708,0.07312722717957922,-0.4397523057689535,1.1728669015031368,0.04297560784454898,-0.6805337340857868,-0.7555797950934434,0.5765191152148468
725,0.004608534417695716,0.00037934329781003523,0.00026446955183931516,0.0,0.0012022067725930272,0.9996757154881952,-0.05218498335359525,-0.07293243150325492,-0.02118112251420244,0.9999807125111596,0.34523925433442837,-0.7625435069862015,-0.6512070294287152,-0.3816276787345285,0.020763547553750348,-1.0000999999956843,-0.40027949813529823,0.933447272510441,-0.3593714552262465,-0.039281149530395326,-0.06740502469149785,0.07641136902855082,-0.43162382701542557,1.1615352703433712,0.05002156849320922,-0.7004345592665226,-0.7345578201188352,0.538794302315099
750,0.004057366434320094,0.00021019330615771356,0.00011569807151667303,0.0,0.0009607288848619816,0.9997750206968612,-0.04562982167531006,-0.0645978657311365,-0.01759737895892069,1.0000086321467838,0.34544290708131214,-0.6919560784977977,-0.7328665957770425,-0.41071601788624673,0.017206371352356736,-1.0000999999966944,-0.4000800925034618,0.9228157782982921,-0.38376846703991757,-0.047068196244556486,-0.06863627229166021,0.0857747811150177,-0.42669280834585704,1.1442073454536987,0.04878168848829631,-0.7303713072060408,-0.7008888075505174,0.4789767125782576
775,0.0038650829367627643,0.00019799649562866287,8.145844804941893e-05,0.0,0.0009081061743396344,0.9985573922727031,-0.07052025507595791,-0.07289984147614505,-0.03114197005891942,0.9997539385632527,0.3460085962073768,-0.6625040985924808,-0.7595899361993382,-0.42058016075581867,0.01576484419296693,-1.000099999997025,-0.3997242819781389,0.9188406406662218,-0.3923993723805361,-0.04668985377899093,-0.06986275475817891,0.08970173314380411,-0.4249026676928795,1.137983118193183,0.044648081209798234,-0.7401104113030711,-0.6890968247005992,0.4587866104668678
800,0.003625700871399104,0.00021680109133462915,8.078561789792776e-05,0.0,0.0008713779526601838,0.9959199195712187,-0.10722064255576749,-0.0880899393274005,-0.030323395978042407,0.999769022266288,0.3505206851899976,-0.6499621514300676,-0.7700729949691738,-0.42425848635216806,0.025813448734069537,-0.9999318268079637,-0.40383301088794193,0.914540940942164,-0.4016087687804677,-0.05173065041942482,-0.06966234857359675,0.09096262175624172,-0.42975594539003004,1.1330613056518395,0.049438146770885684,-0.7481973872956323,-0.6793224563463881,0.43878958030382226
825,0.0034051662329353466,0.00019132596443347647,6.155128045490644e-05,0.0,0.0008081390813381366,0.9963379276132428,-0.10177448790905588,-0.08305208470648441,-0.028477611366239733,0.999802120039326,0.35184340678811094,-0.621519080782738,-0.7930756954686293,-0.43192111538144823,0.024135417523979387,-0.9999486441267278,-0.4037380265986322,0.9100421767200986,-0.411124906770756,-0.053091180955282154,-0.06911634832046107,0.09470988588744449,-0.4280756369883252,1.1254438902628083,0.04686881925612942,-0.7605328055565136,-0.6641773247823541,0.412864090985888
850,0.0022941220352159586,0.0002478144891300663,0.00015783701109850718,0.0,0.000639080502740933,0.9979666207795727,-0.07934885883010107,-0.06502788776423864,-0.03703077930356368,0.9994685936163453,0.36693941564860333,-0.5018409385293496,-0.8827015812602128,-0.4631428013521545,0.017117398366385775,-1.0000141548856727,-0.4137736562239182,0.8958812523684839,-0.44031049394146293,-0.051956747294961365,-0.06781636950253117,0.10555743336201832,-0.4411864511462979,1.111199298849121,0.0220967414731475,-0.7849169474261575,-0.6309189865462876,0.35250294243996627
875,0.002240889765604607,0.00025553669048417965,0.00011607291005685001,0.0,0.0006247145494227991,0.9942761962020492,-0.12506433630477828,-0.08338473260591031,-0.04997670073687427,0.9989812724923356,0.3673634016805561,-0.4900545812151602,-0.8885304361219346,-0.4646193157561495,0.024411849950439386,-0.9998813321734649,-0.4131758465326272,0.892574579179439,-0.44775962002513225,-0.045085992047580965,-0.06701601206450408,0.10544310500589926,-0.43993849156811565,1.1060120677268899,0.004970251402701499,-0.7941348261160708,-0.6194748710774665,0.3350011011678755
900,0.0021722278996791074,0.0002090928940750644,6.74661231645068e-05,0.0,0.0005733945410137614,0.9948585765818443,-0.11874471582414535,-0.07882814227205023,-0.05015720758405882,0.9989491559676918,0.3671728135425451,-0.46680148426244633,-0.899687377482916,-0.46664071982659555,0.03414227715530783,-0.9996258332116051,-0.4095740729008599,0.8877123684435552,-0.45723871106179287,-0.04174200894745682,-0.06792924006955706,0.10821686881332493,-0.4342607332086811,1.097691398517814,-0.002846579829868216,-0.8112359361440931,-0.5964506399681087,0.3015009911694565
925,0.0020380342792484523,0.00016447986950343955,7.215789466476524e-05,0.0,0.0005207263564847072,0.9953827189230383,-0.11273482907375175,-0.0768184176765286,-0.06117163865455783,0.9983753419113357,0.3693616512518052,-0.4445199477807953,-0.9097286531456695,-0.46698404167505997,0.05494481024058845,-0.9988944384403571,-0.4077098076909009,0.8838642181317825,-0.46404090296353173,-0.037088222350306156,-0.07274631714362131,0.106431429945172,-0.43349989532098643,1.0936386820188593,-0.014324965209675137,-0.82088519008197,-0.582109543426379,0.2807173605873446
950,0.0017447431203362039,0.00015123562862030837,0.00013416270116827116,0.0,0.00046652254147308,0.993667409300895,-0.12346951016276884,-0.07680787111131672,-0.07901073394252317,0.9972117600095741,0.3746727148496719,-0.3838455752498917,-0.9354354533742294,-0.4747187528137518,0.07541479477939514,-0.9976532792939733,-0.40793592037688137,0.8766371365756315,-0.47724602096946434,-0.025187790505060294,-0.0760975791941488,0.11196539900785595,-0.43543900723888473,1.0850337972750626,-0.04064673015242937,-0.8374110515103942,-0.5550030393269447,0.241515319537014
975,0.0016028814558167782,0.00011530212633813302,0.00018942327798917089,0.0,0.0004276422225640696,0.99431066837036,-0.11723179494512516,-0.07278709183693735,-0.0749389043290939,0.9975005989096423,0.3792142927627846,-0.3651719283618955,-0.9419019080368065,-0.475994131396833,0.07223302479193343,-0.9978437058693158,-0.40862985330793766,0.8747943021317148,-0.48078497069826187,-0.02240179811574319,-0.07429246847628523,0.11352681455260019,-0.43707680472892835,1.0807093559256122,-0.04064936668125741,-0.8471797073287953,-0.539278120988939,0.21736378758548175
1000,0.001501536032572389,0.00010304061909406565,0.00022572917394491585,0.0,0.00040727741275990037,0.994173915921633,-0.11736933845051317,-0.07199944993481702,-0.0748942766936556,0.9974726948072618,0.382043881024632,-0.34734970275142113,-0.9477217172331258,-0.477053002553507,0.0739053654613249,-0.9976770647496573,-0.4096338821347404,0.8726220266118836,-0.48473160469917875,-0.01946895551278845,-0.07357219867770189,0.11468703124462726,-0.43794037779342854,1.0770126996757414,-0.0444545777188033,-0.8523026503263162,-0.5299989225315029,0.20292158945789887
1025,0.0013654718701479867,9.216682361064767e-05,0.00026890651050843903,0.0,0.0003821757702976737,0.9949565303925393,-0.10952651688498503,-0.06793827619609322,-0.07492180568552463,0.9974334960174509,0.3860831064576891,-0.3248972539035204,-0.9546389329716094,-0.47816542350704805,0.07233343214819693,-0.9977391366383994,-0.41178438450264343,0.8700062223531347,-0.4893029235651574,-0.01744234052534174,-0.07301800398333165,0.11612064753449947,-0.4398108879368969,1.0732914746586697,-0.04518634358786288,-0.8579919727218037,-0.519630395921151,0.18597630122189435
1050,0.001270856577915041,8.442286085372915e-05,0.0002984412567518087,0.0,0.00036451328344560744,0.9954708773532788,-0.10397094608606854,-0.06501062086563161,-0.07385601465426,0.9974891470324945,0.38994815782318004,-0.3089396664051394,-0.9591850396744485,-0.4793813062466315,0.07276889129902109,-0.9976717104286688,-0.41372249772634606,0.868116113238933,-0.49284575747433745,-0.013647571826532257,-0.07135916960841653,0.11748215562980109,-0.44227206464393093,1.0716601121485039,-0.04830740658392762,-0.8611118109000983,-0.5134178754080468,0.1755805296307045
1075,0.0011931155637330741,7.390762225769625e-05,0.0003392297289057509,0.0,0.0003508136318823828,0.9959338045191121,-0.09868653214257907,-0.062175320297740554,-0.07134677001555685,0.9976529155435642,0.39313846907077354,-0.29373124453806604,-0.9632765357070028,-0.48005171459621415,0.07128277923652197,-0.997747822720722,-0.4152819009928865,0.8658331237775312,-0.4969424670477056,-0.012744089447911893,-0.06974954697451345,0.11893161295874306,-0.44367240194726,1.0690410969460846,-0.048310225688341875,-0.8656750787845373,-0.5050389820346216,0.1622782281478016
1100,0.0010907175175235294,6.462289740384192e-05,0.0003882888305196934,0.0,0.00033457500805094976,0.9964992650069207,-0.09147169587730354,-0.05855117059970554,-0.07370170449021368,0.9974475834466755,0.3968463629496181,-0.2671589906903501,-0.9700294448404235,-0.4805375602262219,0.07205743829556006,-0.9976389967975184,-0.4172683558474863,0.8629376753974848,-0.5019748062682114,-0.009447047405486225,-0.06827659878265475,0.12054412329029643,-0.4450626588736668,1.0656065787859734,-0.05223599637624045,-0.8700597065922061,-0.49591481592616665,0.14770230226346528
1125,0.0008742186371366646,0.0029660897670984805,0.0009132673468200817,0.0,0.0021371510570504376,1.0001,-0.04471342438469351,-0.03977051561756453,-0.03813644317735023,0.9999082726658786,0.43260108317195345,-0.1348974846345567,-1.0000999999999927,-0.47802840416195025,0.04100615371525279,-0.999643284110608,-0.43858745176238706,0.8480371554481076,-0.5291616698692073,-0.0053421607718273124,-0.0471030123507222,0.12606226654453104,-0.4671574629893388,1.0530522192843381,-0.02983618314657182,-0.906045987801392,-0.4294273176056697,0.03680220980532557
1150,0.0008014416018777447,0.0002208672506952902,0.000688335146143393,0.0,0.0004304757000214016,0.9965651442086872,-0.08290442200019076,-0.04933932888923811,-0.08139638200363453,0.9967457636449417,0.4165266588370239,-0.1280147682224222,-1.0001,-0.4819270149280645,0.08685243901046077,-0.9963830534989185,-0.4264211245573174,0.8479786024444846,-0.5277204012986173,0.006540981293899635,-0.05843508318003201,0.13214127280467958,-0.4535167528483686,1.049967257349616,-0.0735725058233034,-0.8917055330153834,-0.44935792086396076,0.07446979881134505
1175,0.0009639925539804939,4.8900342749471474e-05,0.00047101326830272037,0.0,0.0003163413701063257,0.9968056584287875,-0.08608581702597148,-0.05533494974532308,-0.07219812597892021,0.9975206961266956,0.4033603970020539,-0.23095723550885447,-0.9779746339940365,-0.4805859543138161,0.07221845173163875,-0.9975736890274681,-0.4206813244680771,0.8589900023877061,-0.5088950908611132,-0.006194207403351796,-0.06474985407312966,0.12311132150745714,-0.4484115608935384,1.0617265913293563,-0.05429789262500216,-0.876951311533395,-0.4819842379132609,0.12527349568059729
1200,0.00093732927445617,4.382488830315955e-05,0.0004957701107086516,0.0,0.00031291481001486006,0.9971350925859088,-0.08167166032070142,-0.05360058113439913,-0.0705209048007714,0.9976290515630023,0.40501213706401196,-0.22298357882687295,-0.9793578929951272,-0.48006535321868327,0.0698956183159301,-0.9977233651576416,-0.4215998150635323,0.8579492748979242,-0.5108298954858046,-0.005069805576573572,-0.06263215435219058,0.12337831153400178,-0.44915116669009114,1.0605936058771501,-0.05400563736105971,-0.8791172089376651,-0.4776302399233938,0.11863007782700517
1225,0.000851375003233781,3.1619973426667766e-05,0.0005786846753392121,0.0,0.0003049839197705993,0.9986046584669066,-0.06085100569298274,-0.044502139058322565,-0.07081014728883528,0.9975497501956919,0.4108020366505251,-0.18387477745702102,-0.9860193948583532,-0.4782422766774449,0.0696481966256866,-0.9976569129625125,-0.42463382944428657,0.8537837416179409,-0.5180039808406932,-0.0007008791830420491,-0.05768557318697472,0.1256937105888378,-0.45170584415702525,1.0570921393596073,-0.056222740100345184,-0.8845791326519523,-0.4653057832788685,0.09901270139590904
1250,0.000837745862042164,2.7073508331497897e-05,0.0005957558068695721,0.0,0.00030294443878124596,0.9991935470437447,-0.04822899530487011,-0.03914706584332406,-0.06648012740504915,0.997833508346164,0.41220995695858204,-0.17986367090299593,-0.9855603728986478,-0.4772540161018714,0.06608164181471887,-0.9978723105903275,-0.4254400996795629,0.8531935490676149,-0.5191002281792748,-3.1908689979543207e-05,-0.054526826909819005,0.12625079233326933,-0.4523116873934808,1.057013284581309,-0.05381594642029969,-0.8857668126388526,-0.4624286112799266,0.09476365993792579
1275,0.0008337767202403215,2.4641934528727844e-05,0.0006034371907830841,0.0,0.00030222794292191786,0.9992841923393703,-0.0456110423594122,-0.03800446394760681,-0.06630671797768552,0.997840485856917,0.4125381523851527,-0.17775818348304304,-0.9857579165972601,-0.47694104068833987,0.06633209313572302,-0.9978499161235646,-0.42551658355142963,0.8528560191285619,-0.5197227526910974,0.0006775885783604454,-0.053536041984654385,0.1263977558070802,-0.4522855651596594,1.0565550446103904,-0.05424158919740779,-0.8864266848983303,-0.46097247354981585,0.09271417626803308
1300,0.0008233548201171219,2.0196230937213845e-05,0.0006091892072743844,0.0,0.0002986265440406296,1.0001,-0.02062025377125647,-0.02674787331386244,-0.061359746884748254,0.998128016127055,0.41267677755980553,-0.18104049079985118,-0.983483749769759,-0.4756290079698091,0.06032344820656677,-0.9981970276475443,-0.42553883311819724,0.8529755720571714,-0.5197565855319909,0.0007918478853622536,-0.04811034082702765,0.1275559998042233,-0.4519681089058334,1.056933988446672,-0.049949305433428674,-0.8871314602475564,-0.4588314976545965,0.09035948731671112
1325,0.0008160316112553256,2.0960203415697734e-05,0.0005978188411433276,0.0,0.00029534621252914927,1.0001,-0.015695719527781718,-0.02125716664212977,-0.06375226182587662,0.9979769410044114,0.4115751489452721,-0.18096538799476827,-0.983494941431585,-0.47604759181879075,0.06264367492800606,-0.9980509165905582,-0.42446515385585265,0.8539090847025304,-0.5188837849367822,0.005270323973125842,-0.04081561127119572,0.13132172600549155,-0.45163340994382833,1.0582509993858003,-0.053857398740256406,-0.8866544927864841,-0.45931993139707206,0.0923648380169254
1350,0.0008209955943460121,2.0471282475472518e-05,0.0005853658809634241,0.0,0.00029355506454717075,1.0000999999999998,-0.008618073833614098,-0.016267033865814236,-0.062242214318024285,0.9980678375564473,0.4105767620646504,-0.18686128278201142,-0.9824073572063728,-0.4765094879531951,0.061645806465141166,-0.9981061024122895,-0.4238036570047668,0.8543416648357968,-0.5183459199179755,0.005782651919721048,-0.037959167569756265,0.13360511997683353,-0.4513644251516892,1.0595150376712812,-0.05224580059331579,-0.8859536998549348,-0.46084455757165416,0.09512181012025683
1375,0.0008145942462146035,1.3362201769530158e-05,0.0006091597387271224,0.0,0.00029276811805006327,1.0001,0.007295081919788376,-0.00883136660407045,-0.05425222099205996,0.9985593512770167,0.41201818188542166,-0.19042174620800634,-0.9817090827158835,-0.47635002728153497,0.054083192586256344,-0.998565176772814,-0.4243154967265768,0.8526359011676181,-0.5213911041104369,0.005593400850871968,-0.03405195177196625,0.1349512239902206,-0.45205230991452433,1.0598309272373962,-0.04605401439184701,-0.8884812582962202,-0.4566642995917365,0.08901778248221145
1400,0.0008141807994555407,1.5345481247720154e-05,0.0006028225794805385,0.0,0.0002926079645358479,1.0001,0.0003713214489789625,-0.012038400678209289,-0.056092058582106065,0.9984465917344209,0.4117610659037528,-0.1887709530572751,-0.9820266116943587,-0.47622665812462395,0.05577597457628863,-0.9984620277883319,-0.42430131566399665,0.8529474323183063,-0.5207824201269659,0.005831180228375094,-0.035371319773427855,0.13446874221017957,-0.4519422936649043,1.0598257645473137,-0.04744130086386819,-0.8877930619462006,-0.45783617288838757,0.09062125060529326
1425,0.0008087048425369672,1.5137010099224306e-05,0.0006075007441026818,0.0,0.00029232332338746436,1.0000862124169314,0.01055518188187003,-0.0076605485557398835,-0.053195661988035554,0.9986072102935561,0.4122348574970059,-0.18901023142760548,-0.9819800694287549,-0.47582833259954305,0.05281028351715082,-0.9986258250094987,-0.42460989321904663,0.8524452414386414,-0.5216738222668664,0.006139133405222212,-0.03427951683636572,0.13475282246809675,-0.45215217183084716,1.0602522376387096,-0.04498894046607633,-0.888300068342573,-0.4571026537931019,0.08940141733109667
1450,0.0008046290899605806,1.5636335840522124e-05,0.0006094096719040997,0.0,0.00029218955387724934,1.0000303714408296,0.01363486374519028,-0.005943957662330272,-0.054453232784114715,0.998536420613297,0.4123323826861143,-0.1853880930022713,-0.9826764395884846,-0.47579532115669904,0.05395409466021339,-0.9985618404296253,-0.4246950090879214,0.8522951049267377,-0.5218830120144673,0.007076730768998013,-0.03461523895724293,0.13525005614655636,-0.4522057079075991,1.0601502025295524,-0.0462136981450651,-0.8883503795024627,-0.4568764514042344,0.0890144728465666
1475,0.000796435090568533,1.4766875273415773e-05,0.000615519843419978,0.0,0.00029125111196175163,0.9995133010152775,0.04251372639386534,0.006361223128610911,-0.04501540593667286,0.9990309957053563,0.4128674170438721,-0.19129060625099692,-0.9815518368341035,-0.47446463784359044,0.04419227593342213,-0.9990708659130013,-0.42500884613492346,0.8525780927942316,-0.521627038377079,0.0040666412230017535,-0.031874637637126044,0.1354911014806332,-0.45195427218168954,1.061404923373315,-0.03749267406767319,-0.8893980247636115,-0.45567975447826864,0.08717193334790818
1500,0.0007821518841017271,1.4183034683092694e-05,0.0006229489942160257,0.0,0.0002895299964734062,0.9963134928254098,0.10793077111155355,0.033797743336395514,-0.02623425196938603,0.9998325548930533,0.4134991077787156,-0.20335437085091962,-0.9791823879080083,-0.4713957485896478,0.02515571814317231,-0.9998650966607857,-0.4253195775386507,0.8527716706850883,-0.5215466980324295,-0.004931972498994002,-0.028897443354936526,0.1352366785639445,-0.45066692638736966,1.0639444693761504,-0.019580673710712482,-0.890897135885159,-0.4541413259427011,0.08482147251669268
1525,0.0007741689249961836,1.439081866244872e-05,0.0006173600453688635,0.0,0.00028694028527047864,0.9870653484986225,0.1734286521155881,0.06086640630862613,-0.00979625201298763,1.000087149168944,0.413134214504347,-0.21802739861881412,-0.9760579458340225,-0.4687353977728553,0.008603521113388204,-1.0001,-0.4250697419265035,0.8528437001787104,-0.5212412858538169,-0.014919780096580204,-0.029024138198758865,0.13417036506024263,-0.44874818601991956,1.065919436794145,-0.003416155835567928,-0.8907769574254218,-0.4547157110505663,0.08581290170312991
1550,0.0007673870862526567,1.57282804837154e-05,0.0005996535018868325,0.0,0.0002828450859181271,0.9712925978303052,0.2505842175153592,0.09145380977017536,0.005310381012298995,1.0001,0.4123355415140255,-0.2350124651328862,-0.9721486084228442,-0.4664937917580142,-0.006440628277174927,-1.000092418232956,-0.4248260091232018,0.8531873812205086,-0.5199676066905808,-0.027603066197399044,-0.03355901048567053,0.13188075298040722,-0.4464705863333499,1.0675890062902509,0.012285587851275252,-0.889137360123628,-0.45775791317397757,0.09005511401414265
1575,0.0007593349603140382,1.809284640711766e-05,0.0005870221238711825,0.0,0.0002801271246813148,0.9516365530529564,0.3255357957638229,0.12113690470380468,0.023141177167314918,0.9999939116823588,0.4116310914300479,-0.25393010831712076,-0.9675597311718839,-0.46378868514531796,-0.024187779080041966,-0.9999668109015708,-0.4245673625738835,0.8530915658760883,-0.519213943837234,-0.040692816684868,-0.0366334027011825,0.12920724164532738,-0.4440749550545127,1.0691842303650043,0.030302603000529157,-0.8876420105150177,-0.460150656135401,0.093514775431738
1600,0.0007400187598003323,2.399572315892256e-05,0.0005631292178872032,0.0,0.0002750270294328606,0.8865018487407789,0.4981488341885639,0.18762363722331893,0.06648594675709145,0.9987291856856604,0.40929281400839523,-0.30406936455136313,-0.954063889005205,-0.456942566994301,-0.06739916159289613,-0.9986622450000907,-0.42339804575649487,0.8518048045389649,-0.5181677602035811,-0.07028853774403236,-0.04382554305423482,0.12083389542586404,-0.43793897015680194,1.0711994124148625,0.07430974919354208,-0.8829652350730867,-0.465660078607646,0.10216017563197714
1625,0.0007102234600124648,2.4206618653286895e-05,0.0005608716352667114,0.0,0.0002687429902478074,0.821202178056911,0.580191351201368,0.21929361712091885,0.08593002449498272,0.9964934026027493,0.40744917983774104,-0.32365860894101045,-0.9464076613607535,-0.45219043356307353,-0.0865992840189894,-0.9964307243711901,-0.42187700398274036,0.8494658979015576,-0.5195431726549465,-0.08106660984696194,-0.04512229057469937,0.11507478812925348,-0.4345626886955682,1.0694036543828727,0.09377268837074483,-0.8800828453837828,-0.4658841405725488,0.10414535485125187
1650,0.0006995845022044304,2.2708269549139757e-05,0.0005570504584916083,0.0,0.0002649519538686916,0.7908655708392683,0.6221822160812311,0.23530020208876687,0.09404602802287716,0.9957743191395599,0.4065046420233441,-0.33278602828640974,-0.943262837255009,-0.45008666626100696,-0.09476836031144692,-0.9957020060582427,-0.42119399973537075,0.8493907089820844,-0.5188472971524768,-0.08569471024146297,-0.046096315209922606,0.11228954395482581,-0.43308813721475586,1.0688247230656887,0.10215373433783509,-0.878817256680082,-0.4665464327605782,0.10574683264058787
1675,0.0006883440108365213,1.9052612419265812e-05,0.0005530869164413187,0.0,0.0002597177529071275,0.7558128583103364,0.6655774996093438,0.25278403125298454,0.09970596969052077,0.9952160593817391,0.4055049216696648,-0.3396966260436625,-0.9407948518799276,-0.4483024133157248,-0.10055534595707805,-0.995127932796412,-0.4203916704836093,0.849348452447398,-0.5184091651072494,-0.08850670766820162,-0.046410013918821796,0.11001652759982476,-0.4318643989493202,1.0682039662098384,0.10811633599929202,-0.8780180051830679,-0.4666946244282126,0.10674973738882731
1700,0.0006777864401934638,1.6298493949857645e-05,0.0005507845124056383,0.0,0.00025549328688973503,0.7254119609029747,0.6990297496484094,0.26614778428370844,0.10384846738884607,0.9947811326718787,0.4047928880730837,-0.34451371517589474,-0.9390295505137138,-0.4468416722418515,-0.10487671793191165,-0.9946716355043284,-0.4198434561720144,0.8496284671181831,-0.5174201073940121,-0.09121074099615169,-0.04703859262288197,0.10786996576323343,-0.4309331340519083,1.0675929235936572,0.11266682783330835,-0.8773472865870673,-0.46685851931381644,0.10751621635965927
1725,0.0006616530175474099,1.0112549702969356e-05,0.0005412138420667501,0.0,0.00024664090174461367,0.661974173177025,0.7621676375747408,0.29222542651614497,0.1071996595209499,0.994383659088295,0.4031866611966779,-0.3513831487957766,-0.9364463764584812,-0.4445614456597404,-0.10882961514653393,-0.9942076219489363,-0.4186746671702671,0.8510689489830151,-0.5143758901419587,-0.09412222302127925,-0.04852631898537209,0.10416968603063773,-0.4295524054153149,1.0666145198136239,0.11729436864544081,-0.8763014609570335,-0.4676015823039023,0.1096650107820034
1750,0.0006176022165410452,1.777969035547136e-05,0.0005468801159918122,0.0,0.00024356428071985428,0.566007598838874,0.832982421386356,0.3218891873006479,0.09957532246708153,0.9950594668283714,0.4031636815136977,-0.34242269070141296,-0.9395940071174502,-0.443591122909493,-0.10263602905340821,-0.994738401652474,-0.41867022961178996,0.8547181937318763,-0.5076375232644879,-0.09509877936386453,-0.052874979131878164,0.09908509164620272,-0.43015169104435247,1.0641911518392098,0.11294697922758871,-0.8773722469421626,-0.46635022519247793,0.107639430313957
1775,0.0006306944984894871,1.3177108193554196e-05,0.000532713409109915,0.0,0.00024058784643601292,0.5764599660375048,0.8233594079244404,0.3189912569096611,0.09039877177296132,0.9959690705665988,0.402629345432215,-0.33902052346337397,-0.9408196971854216,-0.4449596424214604,-0.09395839083608945,-0.995628016683132,-0.41852107304715913,0.8573027216239969,-0.5041380030860221,-0.0904867688802517,-0.052769841246649844,0.10100678389355794,-0.43100693072377877,1.0652409456946255,0.10464223555148093,-0.8774850712217285,-0.46814247617553917,0.11021829897586015
1800,0.0006613278358252993,1.0787690485514475e-05,0.0004994676314925494,0.0,0.00023863170775487844,0.5810601173449015,0.813928281622538,0.3130231535541478,0.09859734418789,0.9951615106728757,0.4004755387866576,-0.36514721222465446,-0.9313643186595963,-0.44379583767620484,-0.10242731363718874,-0.9947769059146292,-0.41775321809532073,0.8570911451139394,-0.5026405039691684,-0.09838093406580557,-0.05607128789648679,0.09864466492951088,-0.42892219153094946,1.0665283382533097,0.11362133411681971,-0.8727433478151455,-0.47492990910968047,0.1206455896897829
1825,0.0006410457543901078,3.7949678220446476e-06,0.0005289293559983397,0.0,0.00023627200277091627,0.6310791512509986,0.778152255310649,0.29855795233283655,0.0879060635818348,0.9961866684888993,0.4036753419851702,-0.34125636682641386,-0.9403164235657714,-0.44684870968280227,-0.09151078860464953,-0.9958645133391616,-0.4198471156262809,0.8546378222932668,-0.5074411369094577,-0.09401623409335975,-0.057522648141827656,0.1021152366943748,-0.4316589168282886,1.066480848409743,0.10296330146115365,-0.8762026918620068,-0.4709656857523339,0.11290729932085099
1850,0.000625202854745675,3.913887567791652e-06,0.000524754549236162,0.0,0.00023233981333704238,0.5820796304014227,0.8154607153211679,0.31572683275113866,0.08137287998207214,0.9967052753565985,0.4034739126130495,-0.33639903541552874,-0.9417331158684664,-0.4470209743076294,-0.08541003000091782,-0.996364690361144,-0.41981197886282445,0.8555768177761692,-0.5057216786078311,-0.09281820724666563,-0.060261495332221006,0.10082736536550828,-0.4323149541107542,1.066001268700692,0.09814755296928108,-0.8764932497058558,-0.47132796256696036,0.11334620867150096
1875,0.0006137130361560766,6.870370852387054e-06,0.0005054241976465281,0.0,0.00022794966927195317,0.5388507321613573,0.8439921008940962,0.32711599671642955,0.06851625448157579,0.99773336760657,0.40271507395425155,-0.33081750800638754,-0.943713316026118,-0.4475924269276497,-0.07326770805084189,-0.9973867471256816,-0.41986077640397246,0.8573692726387253,-0.5015111970655177,-0.09304308990271251,-0.06969518734284184,0.09740644415188174,-0.43313192401994993,1.065677578349583,0.08900163906495966,-0.8755728395612807,-0.4749192598543112,0.11809570569964749
1900,0.0005806293513581022,1.123104779974837e-05,0.00048038077604708253,0.0,0.00021894065416088593,0.4610660242678332,0.8920647760987076,0.3461878515368234,0.032839423505367414,1.0001,0.4026008874130255,-0.3063369988078679,-0.952276343941313,-0.45066594925322284,-0.03869989359263782,-0.9998516525755176,-0.42100316943544364,0.8576537442926644,-0.49758630700782186,-0.09246037099102392,-0.09442722533351787,0.09066290487296591,-0.4362779149889192,1.0644987431982071,0.06208477123529777,-0.8749722449977473,-0.4809683168590533,0.12486100633572349
1925,0.0005611093830058171,4.7008407387572146e-06,0.0004808988428398472,0.0,0.00021122214961238718,0.4507639870780465,0.8927028437091854,0.3456451081210563,0.013374444296851248,1.0001,0.4030384487500498,-0.2843084573708612,-0.9590095227003289,-0.4521760708332537,-0.019043448280776643,-1.0000118739638375,-0.4215399259809201,0.8555971158675996,-0.4983853611544628,-0.09114997624210007,-0.10685676314607137,0.08826408275668625,-0.4378986603261311,1.0633472754115754,0.046170867594813994,-0.8753218947611353,-0.48159484935672076,0.1249216007602289
1950,0.0005430846630902387,2.1987894563565584e-06,0.0004894476726288877,0.0,0.0002078257408176392,0.43281060995354836,0.9017086023150954,0.34932109881344514,-0.0007900941303039845,1.0001,0.4038709828330044,-0.2659929359495161,-0.964162715928169,-0.4532843745201923,-0.004277494210732086,-1.0000998669567847,-0.42212313800358103,0.8522897102407486,-0.5022436823751247,-0.08928159367832628,-0.11618363734405879,0.08623212323001768,-0.4391947937978739,1.0622144866094663,0.03435921635791618,-0.8763493817437937,-0.48059626857477533,0.12275758237762341
1975,0.0005379691525132571,2.5025212256290206e-06,0.0004905008425341653,0.0,0.00020719551174486192,0.4267336767325329,0.9045709618645399,0.3502020172804561,-0.0068201712296175054,1.0000707966883473,0.40400909406393193,-0.25864497234148626,-0.9661441397836266,-0.4535806835879119,0.001939920270766989,-1.0000998993723786,-0.42226733527629245,0.8511032740991363,-0.5033932230013957,-0.08859514967477364,-0.12032325375910374,0.08515620477374221,-0.4396375668713103,1.0617888664278823,0.02947132910769828,-0.8764995840572991,-0.4806359442760854,0.122581774860361
2000,0.0005359199227450045,2.8269269045319318e-06,0.0004909765234732913,0.0,0.0002070754453863783,0.4240562036616998,0.905829446170176,0.35060586579513797,-0.009418155628273313,1.0000508495742484,0.40406502190625093,-0.25560255323302017,-0.9669545279725269,-0.45372289044521874,0.004616823352204373,-1.0000922779113384,-0.422324653276926,0.8506076538888498,-0.5038604864222574,-0.08829775510985353,-0.122082365588484,0.08471220883747237,-0.4398273259557294,1.061600463015612,0.02736152866373648,-0.8765622009915985,-0.4806478697549558,0.12250241456546325
2025,0.0005384671994982725,4.1942517720166745e-06,0.0004835374589271208,0.0,0.00020691748274828867,0.42472495942383603,0.9054970187925636,0.349846597906761,-0.013313656937071306,1.000004629807159,0.4035441041978181,-0.2585862002060606,-0.9661485810903568,-0.45450593057849487,0.008691308897933736,-1.0000631754026876,-0.42209600516048446,0.8506921949020764,-0.5030428725387707,-0.08811987031713796,-0.1249516623776797,0.08403579452607206,-0.4397453682162863,1.0616105942919631,0.02454190927368238,-0.8759078406724589,-0.48198797895501583,0.12450713902209495
2050,0.0005340482757581032,4.288502000396793e-06,0.00047828863040572117,0.0,0.00020504048243300297,0.41081891105685037,0.9118451067897385,0.35189265029056876,-0.02206093836693561,0.9997949156505638,0.4032111211217898,-0.2495662643271896,-0.968402353528666,-0.45457098619682407,0.01775711982601689,-0.9998834460833167,-0.42209559273062996,0.850224365256776,-0.5024685343738229,-0.08745422305875211,-0.13048873766103575,0.08209091604951926,-0.4402692131116833,1.0612802736312328,0.017831746375296456,-0.8750969916490816,-0.4836690955815403,0.12668017494667888
2075,0.0005300683932104879,5.28339350919263e-06,0.00046247118655530413,0.0,0.000201677952058674,0.38118628485002665,0.9250675335119789,0.3557423224618715,-0.04801621180032331,0.9991839129618891,0.40197939224866763,-0.22798143984233332,-0.973920333322147,-0.45564891939463803,0.04405433078479541,-0.999375313261866,-0.42196934872425385,0.8507581769063205,-0.49847841464517173,-0.08401407273046912,-0.1445595312516622,0.07748659768497171,-0.4417415661482648,1.0606326389000007,-0.001990958916653615,-0.8727040037293585,-0.48867937039223214,0.13329026218524434
2100,0.0005322301925643511,5.1955524221388485e-06,0.0004487497380440147,0.0,0.0001993133175749565,0.36302563081552097,0.9319817634487509,0.35698035204091383,-0.06791082956482775,0.9978905681590886,0.40028792906999894,-0.21743477450092633,-0.9761343415197457,-0.45678757474874254,0.06357037670026441,-0.9981688927485599,-0.42134002422451744,0.8508035051749674,-0.4959181391921002,-0.08092653735127056,-0.15413386460900885,0.07406654636515338,-0.44237107291189454,1.0599765119855447,-0.016743797539808064,-0.8701184413802362,-0.49280308403197176,0.13921463481730678
2125,0.0005335458824435128,3.4123037523332164e-06,0.0004417175508433891,0.0,0.00019710006890878026,0.35633517617244775,0.9343852424116819,0.35679714378872646,-0.08853969430792215,0.9962875288292957,0.3987537456328433,-0.20700372043537255,-0.9783983812555499,-0.45869843715521313,0.08287185346228984,-0.9967481231745368,-0.4209572671478248,0.8513084645777711,-0.49363998732865294,-0.07552232712228309,-0.1611642514224246,0.07218109722509379,-0.44324877588224815,1.0598110841650041,-0.032063579825807716,-0.8674544448123186,-0.49674139756607694,0.1446832025449309
2150,0.0005314489603055613,2.466378677819448e-06,0.0004425646624721533,0.0,0.00019628255176223463,0.3491229464261983,0.9371086391302264,0.35706004489266346,-0.09828879893079527,0.9952062718301272,0.3980038091403935,-0.20341092352623275,-0.9791002997762868,-0.4596839900335098,0.0914921536012368,-0.9958435186063983,-0.4208241838510821,0.850115087371707,-0.49448541651342237,-0.07375173821482378,-0.16544730477369204,0.07069182718691591,-0.443641007892732,1.05968460784346,-0.038713104764914186,-0.8659941646971958,-0.4986032666107616,0.1471876683647017
2175,0.0005295917741721561,1.6923846505276118e-06,0.00044471457226137606,0.0,0.000195876700077023,0.35068762381256263,0.9364940023734899,0.35661800333692995,-0.10506056887696752,0.9944891377128616,0.39774190426271366,-0.19816210183048422,-0.9801839142122785,-0.46039531660689825,0.0977676382896801,-0.9952292438656082,-0.42083142358412023,0.8492587445685735,-0.4953511797126057,-0.0720496423896016,-0.1679472305673469,0.0706476851068948,-0.44411956449570184,1.0598666724973564,-0.043880685681675476,-0.8651628964175428,-0.4995958649928591,0.14846927331838763
2200,0.0005294433289642923,1.4232829966979686e-06,0.00044419622834111696,0.0,0.00019558188125910064,0.3503927074443474,0.9366029304950761,0.3565155478243029,-0.10815652947771355,0.9941387577636629,0.3975920326350654,-0.19547191751445114,-0.9807131316497875,-0.46061967780681845,0.1007122778369383,-0.994919998588713,-0.42074353638895645,0.8492165658899179,-0.4951427498075708,-0.0713037819898382,-0.1690635975655927,0.07066706008657649,-0.4443355622405557,1.0602709391507465,-0.04625567570029501,-0.864807388502699,-0.49997450296808704,0.1490513157093123
2225,0.0005324971791221254,1.751523827316481e-06,0.0004369494032556188,0.0,0.00019494023077193872,0.3467897146857287,0.9379507940701053,0.3565638451448672,-0.1165036627987104,0.9932257555651288,0.3968818758376606,-0.19002918642506417,-0.9817941230926829,-0.4612002750763029,0.10890700877291279,-0.9940860688976157,-0.420285108880963,0.8487619895761892,-0.4950222732775849,-0.06974254553310703,-0.17235280351274385,0.0705277977236283,-0.44493016948054204,1.0617605106939985,-0.052620538446268836,-0.8635207217348959,-0.5016052917332736,0.1517140690045953
2250,0.0005353993610215332,2.380643729387808e-06,0.0004292668295817315,0.0,0.00019436162435828563,0.3466849616556996,0.9379816359011115,0.3565041415205839,-0.11954773382065718,0.9928331966108292,0.3964937609089152,-0.188661940494796,-0.9820430762038387,-0.4615316771326129,0.11199447462082783,-0.9937136955508041,-0.41995553839321664,0.8492074401607972,-0.49437905291982814,-0.06847725987478977,-0.17247947591151797,0.07129369248585879,-0.4456032225001402,1.0636459948245485,-0.0551181090509318,-0.8628472770419611,-0.5024579475069495,0.15332088286374962
2275,0.0005437917795236429,3.9842827693160955e-06,0.0004092239872682104,0.0,0.0001929937230199603,0.34262662827856455,0.9394816196392016,0.3566916459634855,-0.13188239299624974,0.9913432274245173,0.39511493540200854,-0.18323889192496373,-0.9830839237986122,-0.46285955237362103,0.12451121737074466,-0.9922981553657345,-0.41899264659719077,0.8495853396418942,-0.4931780293878126,-0.06444287450647733,-0.17565663597220696,0.07250913997736373,-0.44778388089611487,1.0680142537939143,-0.06512055768413005,-0.8604970369019985,-0.50538928347585,0.1585447267377402
2300,0.000553761920857812,6.370455236030343e-06,0.00038203304037246486,0.0,0.0001909812653876736,0.3415086854634221,0.9398793676674827,0.35722668587791845,-0.14494739607845117,0.9895272812191812,0.39347920348270776,-0.17963767786628074,-0.9837396522350063,-0.4650065107657477,0.13789661939147152,-0.9905386347732097,-0.41789044491135624,0.8504155206267741,-0.4920231326151568,-0.05836631634984937,-0.17703360108964414,0.07606476624206504,-0.4516588146775654,1.0755630377597352,-0.07622706707989176,-0.8573303006873958,-0.509237054933752,0.16557531326004035
2325,0.0005690998865958501,6.909558091146867e-06,0.00035026498333127955,0.0,0.00018801870884011408,0.32594256928135834,0.9455346253049932,0.3597035710580477,-0.17259113041343976,0.9853900697916675,0.3905448006624233,-0.16455162151868563,-0.9864876605021766,-0.4681354172272846,0.16625892589745633,-0.9864982080733312,-0.4157644235185666,0.8501230801438381,-0.49065531963740183,-0.048631270781906426,-0.18533410740917503,0.07891632262585972,-0.45738507391300165,1.083974808272008,-0.09957816589559501,-0.8526178142455033,-0.5135299039355112,0.17430378987646108
2350,0.0005747336329177336,6.240761856186671e-06,0.0003318883009435699,0.0,0.00018506884388597272,0.3186962425112294,0.9478875199308792,0.36262272972631304,-0.18584537898221837,0.9826721487234065,0.38896933363674346,-0.15964113926561938,-0.9871875755494224,-0.47085702838548893,0.18002012941913517,-0.9837629820188033,-0.4147429330673813,0.8495548950129821,-0.49099584872858965,-0.04260718102745082,-0.18817271628404336,0.08347472699158405,-0.4625329821075674,1.091996209646206,-0.11142624835375414,-0.8492767524539347,-0.5162091701358982,0.18000786282002837
2375,0.0005692313991230826,5.8208467152688605e-06,0.00032878794501763726,0.0,0.0001830963768573053,0.30195540441503715,0.9534854621720984,0.3674572180607117,-0.19983900679268993,0.9799324941687423,0.38822902562190387,-0.14685607032035822,-0.98924262731128,-0.4729998778206267,0.1944631403791721,-0.981019985173945,-0.41422414104658234,0.8477358026054711,-0.49209017252313497,-0.03828313286937746,-0.19439015780019184,0.0862672355034459,-0.46786562694637096,1.0975584072908973,-0.1242504238702353,-0.8479394211115189,-0.5154874772519801,0.18046194861590775
2400,0.0005706289449311308,3.020383392804464e-06,0.000325800701497264,0.0,0.00018109815932136164,0.32149945599461194,0.9471327397425633,0.36590043374746634,-0.19042125161383772,0.9817493244260175,0.38937283837522874,-0.15535871522484354,-0.9878956316803927,-0.4734611948383193,0.18478888326146958,-0.9828275165149288,-0.41524982248199943,0.849657675910628,-0.49076321785053584,-0.040167847871419624,-0.18883770264367,0.08943660103791201,-0.46945239405140576,1.1016989413250835,-0.11694713167900962,-0.8489379823671065,-0.5154435056965055,0.18005571101801943
2425,0.000563954476730724,1.942052148931874e-06,0.0003293819328002198,0.0,0.0001798325131955479,0.3240542984356992,0.9460425610639264,0.3656172092844874,-0.18663956301621099,0.9824359727558514,0.3900152465127251,-0.15414924130506488,-0.9880483275310236,-0.4726488701199668,0.18050000357173474,-0.9835846259864511,-0.41567955079910995,0.8495673683309406,-0.49117038774420135,-0.042077746804171944,-0.18767412100081166,0.08911103233717042,-0.4692140783861373,1.1019778252312658,-0.11360690952719535,-0.8500619816198566,-0.5142974153418893,0.17810674571426988
2450,0.0005424624070957673,1.3540962773493183e-06,0.0003351384302944254,0.0,0.00017633262524444814,0.31897349362116995,0.9477788453163676,0.3683636619242972,-0.18659250861039647,0.9824373936214128,0.3915049583227462,-0.13644532441423915,-0.9908096319382054,-0.4711100870213227,0.17866906470519464,-0.9839109838748273,-0.41665304993922603,0.8485345269778116,-0.4916958572796526,-0.045219643370472726,-0.19025615816969216,0.08966077964228966,-0.4731786350565812,1.1099175220065913,-0.11285463822101138,-0.851912161745147,-0.5113921479086645,0.17415448506055112
2475,0.0005384609669519828,2.309878380087408e-06,0.0003286523196737187,0.0,0.00017480858435319277,0.29973871897839466,0.9542370700703815,0.3715418303743925,-0.2024245109500507,0.9794304495618379,0.39034046872310574,-0.11923031700241743,-0.9930183110904882,-0.47141747029087244,0.19387186228668776,-0.9811485396665224,-0.41588395337543016,0.8472218190057725,-0.490925033131061,-0.0428576260028698,-0.19861729624555038,0.0889686901334952,-0.47718117674420685,1.115884209121872,-0.12491985942207232,-0.8493943269353657,-0.5129118098862059,0.17757359559601224
2500,0.000529529415890998,3.1834740048964135e-06,0.0003244082567747943,0.0,0.00017269761893609633,0.2566469006240043,0.9675570765706828,0.3790077475277249,-0.23128629822911845,0.9733328440748923,0.38874681834201724,-0.08648516365644765,-0.9967982992164408,-0.47240958902241825,0.22206236852652128,-0.9754565124899701,-0.4147146303958136,0.8445215745889681,-0.4897687592026012,-0.03759795557286519,-0.21393249962074315,0.08794553044613149,-0.4863563332976025,1.1279273108660182,-0.14767585569698183,-0.845115024988921,-0.5143058699488889,0.1819482842812532
2525,0.0005272957004236439,3.4283834111995636e-06,0.0003208998925103146,0.0,0.00017169614863351144,0.23091591880646212,0.973331012856582,0.38151139730897105,-0.251477091248247,0.9680880340974302,0.38664130362432847,-0.07188363575534004,-0.9975201593779968,-0.4734791230439471,0.24214255116129388,-0.9704613079509785,-0.41320065668667266,0.8424522849400153,-0.48919029723474416,-0.033427316489145896,-0.22352550611252708,0.08608738538015734,-0.49039887392206055,1.1324259022391618,-0.16337327330936655,-0.8407686397265264,-0.5164174930494471,0.18671531297162078
2550,0.000524662131397519,2.4725971955601843e-06,0.00032271605227004297,0.0,0.0001709591950508485,0.21627128411145008,0.9764481110009038,0.3836489397429579,-0.26389928806565327,0.9646363993153954,0.3858566858049182,-0.06187224472612816,-0.998134475153592,-0.4746525438163464,0.25464168011819294,-0.967122015893683,-0.4125645946791602,0.8409056139260421,-0.4896428614086305,-0.030187501644311495,-0.22859377132817768,0.08561487640230259,-0.49403585986668097,1.136788594639597,-0.17345625854127789,-0.8383007379534264,-0.5169844077256234,0.18858205964555683
2575,0.0005183347248854229,1.93918404359366e-06,0.00032627575236438363,0.0,0.0001700856058761175,0.20995712660350396,0.9777318249566593,0.38437055001322423,-0.2694148909593178,0.963041315192119,0.38590737837844585,-0.05781441606802404,-0.9983356147420662,-0.4752033634217648,0.2604983642059174,-0.9654934257548426,-0.4126297645216763,0.8398162210518471,-0.49014385087766127,-0.02955915860651734,-0.23152625889779863,0.08371443588832422,-0.4957727576996905,1.1387180142896909,-0.1776382228505431,-0.8370314690415832,-0.5175349114823635,0.18942405907374202
2600,0.0005070639598723532,8.970302011013799e-07,0.0003334699259983387,0.0,0.0001686449952947992,0.20294909430152386,0.9792154916156768,0.3847206446679015,-0.27975874286610575,0.9601304629587895,0.38605559775459114,-0.04720209990217318,-0.9989419154979007,-0.47528015727797973,0.2717337899850554,-0.9624428750349725,-0.4125858533811921,0.8380185263442887,-0.49048273817989413,-0.0285801153879752,-0.23743208298317126,0.07930542031806563,-0.4988945328810443,1.1429455451343606,-0.18568446267083055,-0.8351457408681042,-0.5178042511395065,0.19017116370808235
2625,0.0004969495065268194,8.606848764585629e-07,0.00033800548571879033,0.0,0.00016750740937499707,0.20523888898295845,0.9787147144980286,0.38415010459215726,-0.27704918494161085,0.9608598308318462,0.3874345982549061,-0.04671605777176731,-0.9989083277754127,-0.47438303021979356,0.2699526113877389,-0.9628753539662216,-0.41345892447853144,0.8374452589626458,-0.49103332444879694,-0.030301144942335358,-0.23802836481765383,0.07554812113393078,-0.4995531147534388,1.1453700503242277,-0.18353505919039,-0.8361116739445338,-0.5169510920385969,0.1884261525395488
2650,0.00048289774143668937,1.1181750469766005e-06,0.0003435415466375917,0.0,0.00016595876264304216,0.20607939531948005,0.9785356515341177,0.3831545564219318,-0.2719443295046977,0.9623276403791826,0.3896707186680025,-0.044879791556919485,-0.9989940858218822,-0.4724358043050877,0.2659071869386186,-0.9640077882848704,-0.4148619669525767,0.8366877463545832,-0.4915788672762617,-0.03345149956249051,-0.23915874128784442,0.06953959675992191,-0.5006947297669078,1.1496587190868723,-0.1795751168832938,-0.8381687436282412,-0.5150238455910474,0.18504200844062765
2675,0.0004670913194691302,2.0383463576872833e-06,0.00034617355469349623,0.0,0.00016387598264713766,0.2129467683649241,0.9770890068875615,0.3810555635025442,-0.25256144519427753,0.9677903937977665,0.39394369569522564,-0.056440387282601076,-0.9984730351013508,-0.469627334976967,0.2480049116243779,-0.9689367110582087,-0.4177915127574149,0.8371535493746195,-0.492367349700113,-0.04005892312222854,-0.23495902788790984,0.06118722824593635,-0.5006075964734246,1.1558462413204496,-0.16461985053788428,-0.8433871241612168,-0.5117228269248606,0.1788979271253599
2700,0.0004601312254290525,5.293965027815542e-06,0.0003407067614250953,0.0,0.0001633439763875189,0.18467339748246595,0.9832257011016184,0.38124340068315204,-0.2602078325166559,0.9655854211194121,0.3943123864387368,-0.04939124465487457,-0.9988044378829141,-0.4673528022931424,0.25613873282311633,-0.9666768928617973,-0.41795253903928903,0.8355113377165247,-0.4911859929781611,-0.041660041472737386,-0.24288057329657714,0.04939828942909395,-0.5041625283360899,1.1665665457602026,-0.17023209894972532,-0.842158360463669,-0.5116867566981812,0.18037468311292562
2725,0.0004591840701698651,4.642192880128289e-06,0.00033155991788139257,0.0,0.0001609341133383285,0.20725137787230868,0.9785593523520881,0.3794094787366814,-0.251576280178188,0.9678786753880113,0.3942772075532313,-0.06567836577187504,-0.9979741039672074,-0.468934644316887,0.24702173491669546,-0.9690557472375204,-0.4181185212491987,0.8379054696396042,-0.4914417889381564,-0.0403791698493691,-0.23420425033882422,0.053688760509196964,-0.5034527441435335,1.1672261041606609,-0.16448019228269248,-0.8430639153331246,-0.5120776876536872,0.18127114017611368
2750,0.0004547940785728398,3.697788715762733e-06,0.0003331179174384464,0.0,0.0001598010724317149,0.2133437041493999,0.9769974512826329,0.3807639350206031,-0.24433761772535081,0.9697189830889078,0.3965556525210333,-0.06631832723548557,-0.9977987371131288,-0.46903887032153874,0.23898006045544506,-0.9710598414949074,-0.4199676241090097,0.8384135323171035,-0.4932797672731398,-0.04010554548103196,-0.22840043914681518,0.05569989293615339,-0.5072964126719522,1.1734518420982736,-0.1595893677940891,-0.8444569700259084,-0.5113219058269661,0.17964772254948871
2775,0.00045680395300893347,1.7023079095095017e-06,0.00032497871793088945,0.0,0.00015737791893367028,0.21445940122621487,0.9767335765859073,0.38121278863000274,-0.2597470999346316,0.96580753166162,0.39491455288934607,-0.05887010472995232,-0.9982935598399257,-0.4714908984215521,0.2533200520967273,-0.9674953703855816,-0.41897064166236325,0.8388445084726918,-0.4923015519119961,-0.032902988683324516,-0.23011393116211704,0.05838127291660084,-0.5116578718048235,1.177956468852397,-0.17239652867732524,-0.8401055043912573,-0.5144853197458594,0.18562103610038955
2800,0.0004452976272746077,1.9653913956670402e-06,0.00031574102448761677,0.0,0.0001533869651898451,0.23746307028624805,0.9716820349305093,0.3756676518375941,-0.25254855180625735,0.9676126802083216,0.39732281887281834,-0.07713974840120982,-0.9971882775730604,-0.47188807031044,0.24638732049048107,-0.9691977348662538,-0.42078352281310133,0.8412649192245389,-0.49098835697178345,-0.031099985980517806,-0.22423634713967372,0.04965884515861464,-0.5152048542688655,1.1882305906282158,-0.1679907500176834,-0.840338076724697,-0.5153943305617965,0.18735181296177697
2825,0.00044078566243845415,4.9201874157241874e-06,0.0003027073659868537,0.0,0.00015165071813449607,0.2853953837781174,0.9596827413854345,0.367018669233884,-0.22762767963383773,0.9740886098604291,0.40303883725465617,-0.11001445978183719,-0.994477207388278,-0.4712445968187485,0.22135085571116156,-0.9755361598647017,-0.4254054108402617,0.8460143923531945,-0.49028614310094876,-0.03165129460199346,-0.20777772235729175,0.039169882413987875,-0.5203253932003383,1.2037536430975524,-0.1504520041984649,-0.8432157157867985,-0.5163994088913119,0.18791221020389054
2850,0.000443017075013139,3.44338026976741e-06,0.0002977034974408549,0.0,0.00015021014265265923,0.26966043898386977,0.9630900508704814,0.3702969973227146,-0.24663966366740725,0.969305525997572,0.4012915282234748,-0.09392690694814432,-0.9957098295535356,-0.47308100345891774,0.23982783125746718,-0.9710018382946985,-0.42417684857758714,0.8449861233686453,-0.4898765502545357,-0.02565222568343654,-0.21313684395963292,0.04205380621827469,-0.5273487459075366,1.2125924384271558,-0.16645471285603697,-0.8388574645396434,-0.5185466949583906,0.19331042659492673
2875,0.0004402108035033577,1.8629104991382776e-06,0.00030144356431335194,0.0,0.0001494486198628249,0.2683128526855736,0.9633328023203831,0.3702497081618987,-0.24005199988719117,0.9707835040667148,0.4019930138589381,-0.09672193086226366,-0.9953154453866445,-0.47200953929841727,0.23370916787898632,-0.9723267034881838,-0.4246377522379196,0.8450707519037419,-0.48976149208802605,-0.028765668645354948,-0.21253638743001474,0.040979822667702795,-0.5249596450642057,1.208606479787099,-0.16066288462707778,-0.8405734867539891,-0.5173601730722629,0.19057845969595588
2900,0.0004402732046408863,2.3141092613792417e-06,0.00029821467967759094,0.0,0.00014908604242052297,0.2767654630375522,0.9609775607280189,0.36850287943312915,-0.23503456513881055,0.9720007213810807,0.403137051325379,-0.10435437842613174,-0.9945697432129712,-0.471864714792651,0.22894294353304864,-0.973452162260234,-0.4256004526896354,0.8461346986684255,-0.4892399516142989,-0.02914075877153336,-0.2094333570580893,0.038391053331497144,-0.5257499423910982,1.2114177196618157,-0.15696132915400032,-0.8409743043897839,-0.5178218185648336,0.19094885484901647
2925,0.00044076676590587853,2.4830265007535715e-06,0.00029506216185585935,0.0,0.0001486556014527997,0.2799757571670124,0.9600129227841563,0.36748403492594384,-0.23268533955942083,0.9725550636936512,0.40397578317448224,-0.10980690190329077,-0.9939680761244701,-0.47172940251566897,0.22694136002669865,-0.9739105891454104,-0.4263118235071053,0.8465440461738906,-0.4890921421649806,-0.02935292932302492,-0.2080686347378389,0.03565432427562315,-0.5272314414522933,1.2149873012477346,-0.15521786653181116,-0.8409603708642481,-0.5183593322245865,0.19172087852812453
2950,0.0004413043995895521,2.755347186134755e-06,0.000289537664571897,0.0,0.00014782162114397067,0.2853275818237833,0.9584462777806462,0.36591674856055906,-0.2260895981229641,0.974130110034901,0.4053344438073772,-0.12183759310642812,-0.9926238690821948,-0.47121865618045794,0.22085005587027787,-0.9753278246377947,-0.4275226470893139,0.8471947238014668,-0.48887057046194426,-0.03108099211699949,-0.20569331063300103,0.0317702215190645,-0.5286219825201878,1.2190322683710018,-0.14948006502754435,-0.8415194202224373,-0.5191672785623156,0.1925250444958999
2975,0.0004424588630794256,2.854990571389711e-06,0.00028404273290644644,0.0,0.00014701331354000823,0.2964659955431691,0.955114171465232,0.3635690822109165,-0.2149568469331205,0.9766903502647816,0.4067208007881658,-0.13833324826120008,-0.9905253268636601,-0.47027872430464396,0.2098723963288636,-0.9777935191802098,-0.42876155318423737,0.8480068640925907,-0.48890697928159954,-0.0343431496588728,-0.20174674719253818,0.029089812317496782,-0.5290298282793584,1.2213229718382834,-0.1395832709671848,-0.8429991829338095,-0.5195856032061098,0.19251164352925823
3000,0.0004439887773425591,3.052265110104413e-06,0.00027718160729552326,0.0,0.00014606543599367914,0.31110756556734276,0.9504986905858106,0.3611466583635332,-0.20060825331734822,0.9797814856269863,0.4079886420757394,-0.15954401355010248,-0.9874235290762984,-0.4692313150179699,0.19529505461254534,-0.9808576501699573,-0.42997652732860836,0.8491204690108821,-0.48836717793143525,-0.03931029612970006,-0.19746187836177875,0.02828170284258282,-0.5292592111298106,1.2231470626517167,-0.12616767398683584,-0.8448555356961777,-0.5200812549410136,0.1925178176637422
3025,0.0004456078292879248,3.2305155600288545e-06,0.0002723715493302023,0.0,0.00014553418505964275,0.3240077442849031,0.9461523592210536,0.3593589773467955,-0.18691194928572324,0.9824758346454291,0.409088138963974,-0.17746944634211753,-0.9842945228318499,-0.4681822962407329,0.18113300491149373,-0.983564296058033,-0.43096736991560924,0.8502124087966536,-0.48770877751657066,-0.04424885526530791,-0.19329871742948865,0.02864085358068876,-0.5296212516255671,1.2251619487469614,-0.11351675746313801,-0.8465695908734785,-0.5201892623567039,0.19220936385392795
3050,0.00044598992546138465,3.695568721495756e-06,0.0002688548919593444,0.0,0.00014518630471704327,0.32906844040517186,0.9443214095451075,0.35958501775246254,-0.1824126089638849,0.9832326537535984,0.4091757420796333,-0.18506050070949756,-0.9827576492848606,-0.4681683024066411,0.17586955891705555,-0.9844279293187197,-0.431145362018439,0.8503830278863201,-0.4868106852075,-0.04800860410372349,-0.19384143662624198,0.031077000960243066,-0.5311512349296557,1.227987276214771,-0.10790056223957688,-0.8470306325654193,-0.5205078595614848,0.1927933163667341
3075,0.0004447359102703951,3.2135460356517855e-06,0.00026921324713262835,0.0,0.00014471795910199576,0.3310170727948715,0.9436270326826608,0.3597334495742587,-0.17674654581979748,0.9842732549017862,0.4095108622393936,-0.18854536053474338,-0.9820709052439146,-0.46766241270350645,0.16996943666791042,-0.9854675453713987,-0.4314153288854903,0.850795306551577,-0.48640932542071885,-0.05042848035654219,-0.19240203121395502,0.031890436741281156,-0.5302070969040678,1.22697939070151,-0.1027395507761834,-0.847907044989278,-0.5201209297093442,0.19185425794286348
3100,0.0004407944719358349,2.7583403455015075e-06,0.00027155272175666403,0.0,0.0001441244429458007,0.325435157510715,0.9455828579855504,0.3616147367501382,-0.1752009303406355,0.9845339433709247,0.409417135289982,-0.1837266963292332,-0.9829896055064847,-0.46753491877505365,0.16817586744694904,-0.9857586820687553,-0.43129347211793073,0.8506026682958087,-0.4863262057361108,-0.052140005420005964,-0.19299395295815255,0.033527491334536065,-0.5291687946853534,1.2253217892035648,-0.10103612722372227,-0.8484762261394371,-0.5195030337301872,0.19069882540756083
3125,0.000436778850844398,2.2679953625808317e-06,0.00027392003676868383,0.0,0.00014350057474016488,0.31973157182832423,0.9475273262129565,0.3639342457112298,-0.17149635129854782,0.9851919372323064,0.40933651525076037,-0.17866483594813484,-0.983923457824003,-0.4670421810722374,0.16412391485264538,-0.9864482928533023,-0.4312001816665121,0.8501072378905127,-0.4862611717355725,-0.05575878545848758,-0.19435512058563376,0.03580379856656293,-0.5281568239909911,1.2234751545731772,-0.09672467798512939,-0.8494576054519772,-0.5187352449703152,0.18921552868138902
3150,0.0004339565762037184,1.926893960583574e-06,0.0002739320010465203,0.0,0.0001427338518263979,0.31193569234973095,0.9501387895325993,0.3658861361384364,-0.1686887283613657,0.9856734867605556,0.4097194587681531,-0.17496129317927184,-0.984582498518093,-0.4661828689203031,0.1613172146287478,-0.9869067048241343,-0.431538922550924,0.8492866702992694,-0.4861103520197266,-0.05950019725948169,-0.19720913683341723,0.034931489273623745,-0.5288644780962621,1.2253216599979753,-0.09281544686935239,-0.8500336254271901,-0.5185014917637696,0.18872080032423125
3175,0.00043457390588101186,1.1075893671072135e-06,0.0002671975187936064,0.0,0.00014101883855518799,0.3105230471120601,0.9505669971975257,0.36697569768858457,-0.1517580037344742,0.9885669045746525,0.4121165202857321,-0.18208156687401414,-0.9833100327364735,-0.4629532240791329,0.14419645511195398,-0.9897011224524237,-0.4337526702622221,0.8481230157424433,-0.48487584588663396,-0.07225207150979666,-0.2013581521747307,0.029096871571742247,-0.5333802033540671,1.2358089894774202,-0.07353190702290216,-0.8517702744692395,-0.5190912024110217,0.1891412248113346
3200,0.00043732921188743075,9.067021099513419e-07,0.0002598443081535448,0.0,0.00013997872527416594,0.320802286692111,0.947207917556982,0.3652319737417903,-0.13918834241084832,0.990347296281842,0.4133713361679333,-0.19401485366281226,-0.9810737185140407,-0.46131825496506157,0.13133569646059115,-0.9914228657062801,-0.43506523662310276,0.8483260888715748,-0.48339307437096996,-0.07911923511547854,-0.20115558188265908,0.025608253014091368,-0.5352349297544947,1.2400502956436825,-0.060131247344176894,-0.8520716129972425,-0.5201335928372277,0.19046275102560767
3225,0.0004410384742280406,8.799970814142629e-07,0.00025357137079604905,0.0,0.0001394499672536665,0.33398146831742276,0.942710455857524,0.3630976129408738,-0.12343578271127137,0.9925165454305033,0.4144131317779683,-0.21053477555420946,-0.9777655112379425,-0.45949900283152206,0.1152464176169942,-0.9935076017479951,-0.4361402913803144,0.8492098571447214,-0.48173926999419525,-0.08626563461015715,-0.19852437335227668,0.023812974274732803,-0.5360270070169516,1.2427687858266288,-0.044517284005014146,-0.8525792211801585,-0.5210116817856693,0.19164975177251461
3250,0.0004480534760997435,1.2574050744353082e-06,0.00024150080936533594,0.0,0.00013866530013767708,0.35095810532414057,0.9366297026618606,0.35922755999738376,-0.10673282241758085,0.9945106981134403,0.41569913578622064,-0.22905231831915643,-0.9736874504960116,-0.4570595556357688,0.09850625619366749,-0.9953629284773307,-0.43761753192383734,0.8503768638992377,-0.4791501905368225,-0.09411645551525993,-0.196296584190641,0.01891859130507395,-0.5375822471881777,1.2471498773242025,-0.02753337864380219,-0.8519671486353073,-0.5233056809401664,0.19505109600413892
3275,0.00045067101403902107,1.7859035450176788e-06,0.00023565538494687224,0.0,0.00013833682192418927,0.3678950234321256,0.930044890533025,0.35620026130211524,-0.09497476567882102,0.9955496597538667,0.4151884800939898,-0.24192020525846158,-0.9703870822047916,-0.4560511268322338,0.08651187983101695,-0.9963234829036262,-0.4374047688867466,0.8519257267585271,-0.4774852644410969,-0.09776637171976293,-0.1916053631024596,0.021783213308171137,-0.5345828583380285,1.2409742881326489,-0.01647271566915428,-0.8514078062996683,-0.5243635828894672,0.1964380220313873
3300,0.00044860722976659026,1.7208030900850168e-06,0.00023467189618316028,0.0,0.00013768830704400113,0.3648584661535672,0.9310685237687409,0.35686841376886386,-0.09563436564531846,0.9954167573667333,0.4147030865924472,-0.2434031681176474,-0.9699264452107919,-0.456300444489239,0.08724369733370309,-0.9961872772578968,-0.4370359453868022,0.8520199361398794,-0.4773496972101827,-0.09767190447226838,-0.19146683638059397,0.023668928444708616,-0.533324627931367,1.2387050640415032,-0.016891975456888222,-0.8511822999313002,-0.5245985467950347,0.19675476164176803
3325,0.0004492658910700339,1.5834162441450104e-06,0.00022979941732126022,0.0,0.00013676311142474582,0.37215881107339277,0.9282022180635316,0.3557164170435298,-0.0937356994087299,0.9955989437227099,0.41378428399916756,-0.24975296330919625,-0.9683317202594269,-0.45641998377967913,0.08521664017040322,-0.9963645239835579,-0.4364845581791031,0.8527253898100275,-0.4763550349521258,-0.09879872640338473,-0.19023244290078695,0.0278592320033857,-0.5305748375860659,1.2347579056390257,-0.014307859369822006,-0.8505211409604145,-0.5257542432960017,0.198414564265871
3350,0.0004561498650476009,1.6469032233707254e-06,0.000221302619791044,0.0,0.00013647863890175143,0.3872529748712807,0.9221171415658794,0.3535873486977153,-0.07698454856591108,0.9971742383958008,0.4124920290270051,-0.2675629741498442,-0.9637160143610768,-0.4545944952123007,0.06789423386633657,-0.9978439897615394,-0.43593589307264363,0.8536888282165206,-0.4736043219218609,-0.10787664433106907,-0.18807582163270495,0.03371065349020153,-0.5249652905406085,1.226358232920794,0.004181387311925803,-0.8496045995213306,-0.5277320764343871,0.20123797440772537
3375,0.00045472065197662,1.1274694481919448e-06,0.0002172822670273734,0.0,0.00013507706546971385,0.3869876819698662,0.9220849380116868,0.3544807934993034,-0.08468789999374193,0.9964375765899671,0.4116322549895121,-0.2590196429230864,-0.9659123338831027,-0.4563484937678392,0.07524988607204335,-0.9971920502836389,-0.4354271375241043,0.8535037330456346,-0.47377824908552013,-0.10494100601779736,-0.18990779926575588,0.038139852049112216,-0.5248560071158666,1.2258139062063682,-0.0019764173870802336,-0.8487689494673752,-0.5287978034271478,0.20284011149823086
3400,0.0004599103682862431,8.945219095180805e-07,0.00020807165904004882,0.0,0.00013413311861096923,0.3945967980114129,0.9188914469444539,0.35396481615020037,-0.07819374656105947,0.9969594697085636,0.41057012753601757,-0.26299216764591293,-0.9648067801388307,-0.4555857358498826,0.06840178432177488,-0.9976814782671884,-0.4350477618647091,0.8532092216779227,-0.47174636226523475,-0.11134417665478127,-0.1927305161200293,0.04204523043084331,-0.5231554360912034,1.2248244845689689,0.007950546733250017,-0.8474717447273733,-0.5308794506535462,0.2064097022231145
3425,0.0004695452144003981,7.721057855118205e-07,0.00019485507214540867,0.0,0.00013334332078046845,0.4082883772240018,0.9129748591193689,0.3514923851533826,-0.07112323681006111,0.9974927375945313,0.40939422239322215,-0.27608617963552223,-0.9612287330138459,-0.4545895172899329,0.061383860386179316,-0.9981390095472547,-0.4346422957264934,0.8538793060122759,-0.4691393767143904,-0.11625806612565076,-0.1931683760732979,0.04533543146714432,-0.5220884106214911,1.2255542767699883,0.01809651596518285,-0.845403782649322,-0.5339302245730235,0.21195660417492412
3450,0.0004730356381551692,1.370373605558394e-06,0.00018564858075507894,0.0,0.00013255906794538467,0.40957697761817596,0.9122767532009342,0.35143478190694855,-0.07019035956301659,0.9975340522374183,0.4086020321953411,-0.2800270672465793,-0.9600009789670283,-0.4541329920109895,0.06082372235974208,-0.9981486806346217,-0.43446005529615445,0.8537907010959369,-0.46730647102656475,-0.11932535327499795,-0.19608374757733069,0.04632016204043865,-0.521577168857185,1.2258448545964513,0.022238500566318622,-0.8437803611326301,-0.5362511813747702,0.21591257955583354
3475,0.000476490422019888,1.3384579003781256e-06,0.00017994271278601068,0.0,0.00013208970170140662,0.41031666238202275,0.9119445374113232,0.3515754569234032,-0.07041540432646312,0.9975181735139002,0.4077397894969608,-0.281764355189828,-0.9594933341310217,-0.4541665953805258,0.0611646598292532,-0.9981278893614691,-0.43408733984870407,0.8537901734081138,-0.4661299641646337,-0.12096399525918357,-0.1978872857448886,0.04848634835976432,-0.5199928240554486,1.2234073345786098,0.024198076284843606,-0.8427340118975335,-0.5378139788424356,0.21832629649769397
3500,0.0004845638069624424,1.9869289914107375e-06,0.00016222418516574313,0.0,0.00013054975582048358,0.4059816621958228,0.9138943251470684,0.3530017024284882,-0.07656680748593839,0.9970837423363783,0.4052544969944743,-0.28373544586462074,-0.9589098745182649,-0.45462774033244374,0.06766600622834482,-0.9977293953504796,-0.43312619672724345,0.8534260017564385,-0.46248690112218865,-0.12490808433952104,-0.205597005746972,0.05301654931238807,-0.5162354015339432,1.2174405621547086,0.02579374585057764,-0.8394180495842904,-0.542924838294876,0.22610714493480666
3525,0.0004894443550512377,3.7646449188637686e-06,0.00013839563425820862,0.0,0.00012782678481320752,0.38911517014707825,0.9213738690396797,0.3567445550741139,-0.09068036996509535,0.9959806625412304,0.4024738162188616,-0.28255557716400337,-0.9592517160420319,-0.45535083479827,0.08199263248371869,-0.9967363975390499,-0.4324532734823429,0.8523630938118725,-0.456583755022278,-0.13048195298544663,-0.21965316202017826,0.054667735803032,-0.5138330965839265,1.212833368111166,0.024444875195869076,-0.8344572910137433,-0.550607785773439,0.23769188505551148
3550,0.00048155544318247997,8.816963923377056e-06,0.00011639938358603065,0.0,0.00012488114370772836,0.3663943819912488,0.9307845899079025,0.35995109354534627,-0.11192929317302797,0.993945417374924,0.40067897534584096,-0.2805110432174547,-0.9598531640212561,-0.45622251633556227,0.10257879182075363,-0.9949395006182272,-0.43270831130038484,0.8514467502235676,-0.4496848552991468,-0.13422374857865424,-0.2347243587347052,0.049589027811179194,-0.515109475445338,1.2128697534372166,0.017893080733697966,-0.8288646413567251,-0.5592968329772333,0.2505477989408065
3575,0.0004886447556194402,2.9566678105052796e-05,0.00010499102239114154,0.0,0.00013646716246514803,0.320556165021195,0.9485034775461566,0.36493129419404946,-0.1821710245947198,0.9858062016025777,0.39218090628194263,-0.24529337135832077,-0.970142940781819,-0.46365724158924576,0.1705798237453383,-0.9877139625498824,-0.42818811609441454,0.8504627880421761,-0.4440771396023621,-0.11943809619201878,-0.25687499316539564,0.05459047639184355,-0.5046633899850953,1.1885566987916483,-0.029185735935571912,-0.8210355816894424,-0.5722716331256109,0.26784901083400003
3600,0.0004839126830097154,1.8540600067659857e-05,9.86318241867742e-05,0.0,0.00012763326147989382,0.31817836790760234,0.9488350749243504,0.3644029211123326,-0.19659412159741013,0.9828067267015691,0.3903826901714194,-0.22790241439142728,-0.9747416919204918,-0.464716861367336,0.18233798898381676,-0.9852556479238925,-0.4269365944694461,0.8485855042690956,-0.44518487288938846,-0.1171912794548502,-0.26199600441108156,0.055419564121474765,-0.5059203982437038,1.1908254608140036,-0.03903788580176604,-0.8200083573079189,-0.5729258222102293,0.2697223668366846
3625,0.0004792678308774858,4.3811818746936825e-06,0.00010631414020404275,0.0,0.00011974510334112191,0.3433584740210227,0.9395055893541431,0.3622080553444337,-0.15059743189686028,0.9890497399668055,0.3959841368071321,-0.25794908404975253,-0.9662944764224553,-0.4601694166744924,0.13932446713265276,-0.9906572791625209,-0.43011889567800593,0.8503816071983632,-0.44730374404520507,-0.12633083752174065,-0.24709726027861995,0.05228049567942694,-0.5104219216351522,1.2017543012646468,-0.008081726393595286,-0.82473608361583,-0.5658114001227148,0.25954744214993053
3650,0.00047413634921471276,2.171479623436237e-06,0.0001037602831449071,0.0,0.0001168822142459857,0.33803880771434014,0.9411486402100964,0.3611914875450742,-0.1755871721439834,0.9847902193390736,0.39321980758514796,-0.23475050712316886,-0.9723513039530995,-0.46237301083872356,0.16037898893467684,-0.9872857940610661,-0.42827366885829504,0.849172562671705,-0.44890923135691874,-0.1189258333604615,-0.25163985294829005,0.05330266648216028,-0.5094881581856625,1.1990589261799784,-0.026822384050189628,-0.8234349592164889,-0.5670890277659832,0.26171299749814314
3675,0.00047648707482808865,4.993223996004494e-06,8.537034405538155e-05,0.0,0.00011536741817429671,0.32367115795903495,0.9462926991232053,0.36245604533948794,-0.19623100067459373,0.9807831659825862,0.3891792186162471,-0.22249306484744075,-0.9750149618233762,-0.46202814517676577,0.17715628449843662,-0.9843301601130995,-0.42697955153584755,0.8452159730652476,-0.44343822900084057,-0.12689634499764274,-0.2708266269555396,0.0515147164411236,-0.5087696929068712,1.1989204463734966,-0.029102701304818342,-0.8179089989160464,-0.5746924838386931,0.27420520727380243
3700,0.00046960162771091996,3.920115093658761e-06,8.615976579543378e-05,0.0,0.00011350434775746602,0.3212677665292524,0.9469917038302439,0.3621923888467049,-0.19761182728412285,0.9802814514949596,0.38959885135358946,-0.22467128253616472,-0.9744372187248604,-0.4617171685116573,0.1771871063781731,-0.9841771962808414,-0.4275250149065853,0.845406236291795,-0.44375030516452535,-0.12509198892823606,-0.26968619994305487,0.047907974416573254,-0.5102550529714497,1.2010715350368522,-0.02963523498245659,-0.8179667815718662,-0.5745018889025009,0.2738987917090988
3725,0.00046547404486795273,2.802842364887971e-06,8.633639029426279e-05,0.0,0.00011204379245137589,0.2936931936619378,0.9563430941231794,0.36617174049607676,-0.23008493232958216,0.9737342005248315,0.3858438085178117,-0.20735307772930273,-0.9784275876275217,-0.46493932183982456,0.20750794905995423,-0.9787183471418174,-0.42535397120327817,0.8442407769995021,-0.443191449682933,-0.11540999933421794,-0.27874144006676316,0.04843937085678058,-0.5100287718726995,1.1973184971686626,-0.05308469380869999,-0.8148383629971304,-0.5777461786486554,0.2788920905932377
3750,0.0004689688841146984,3.369752218911237e-06,7.590714210302751e-05,0.0,0.00011099705657489191,0.295701687068098,0.9552830313820769,0.36671887758165234,-0.24031573555000038,0.9707532656280461,0.3837922579661219,-0.20814216388277337,-0.9780989573026909,-0.46630806756912485,0.21525976511893932,-0.9765899109696157,-0.4249196702983027,0.8429543870712279,-0.4404537218401314,-0.11759569809804864,-0.2857673221114473,0.05199552437228567,-0.5126688470889177,1.2022761633364942,-0.05407540733475993,-0.811048179537964,-0.5825072667602142,0.28702233197791166
3775,0.0004623513354302982,3.430029428844843e-06,7.633153122898414e-05,0.0,0.00010979459098916337,0.2822273752701524,0.9594512180036685,0.3676111757662613,-0.2559127387815143,0.9668336466553843,0.3816365384994904,-0.19348390259563475,-0.9812179022366845,-0.4664597038033715,0.22917093318397616,-0.9734905288766659,-0.423818670750376,0.8397756601617244,-0.44069354153687185,-0.11797316685059857,-0.29450820427922736,0.04873126627535923,-0.5123016961551701,1.200872519563656,-0.06217326398679418,-0.809440503201072,-0.5839613268492523,0.28945000277372784
3800,0.0004553952774093179,2.96989994305738e-06,7.967804204809168e-05,0.0,0.00010879660385731634,0.26511988701399525,0.9643798022521524,0.3699572512195539,-0.276547099194105,0.9612381540735856,0.37910362690156885,-0.17327993764324323,-0.9850874257982016,-0.4679344892752019,0.24835789659303395,-0.9688693666035147,-0.42214968867331315,0.8373615981156185,-0.44165618060405004,-0.11348528833723126,-0.30160185153329555,0.04847480581393747,-0.5133196431926936,1.200752397097072,-0.07709308686515529,-0.8080205897718142,-0.5842808417837562,0.29041075514220904
3825,0.00044873648904048203,2.987222682064459e-06,7.940834102167671e-05,0.0,0.00010742129962167041,0.24845689961917358,0.9687963305636904,0.3722087956723979,-0.3012964071883052,0.9538800477949605,0.37565309794092666,-0.15578644519461998,-0.9879497957096866,-0.46983061615355465,0.27167493884620775,-0.9626913212805108,-0.42033786202595935,0.8347664906135882,-0.4402742676428986,-0.11031373574249753,-0.3118958557090828,0.04808516762484064,-0.5160640491018486,1.2032320993330048,-0.0915881537317952,-0.8042854353088161,-0.5873414462214652,0.2960130390933246
3850,0.0004458533663523927,3.524027466679802e-06,7.47155289828158e-05,0.0,0.0001062281955470496,0.20743270872533792,0.9791640028017897,0.3784241881588259,-0.3541558517546973,0.936834198666949,0.366801438489493,-0.11939132936646946,-0.9935297937109021,-0.4737687324990467,0.32197677584774387,-0.9481937612931352,-0.41539212658551,0.8282438854235675,-0.4361544499779971,-0.10592202314974407,-0.33652213203334064,0.050343107835935166,-0.5216881273007051,1.2095184092745161,-0.12024416755560174,-0.7948395277191769,-0.5956091102770199,0.31145591934452665
3875,0.0004424093474902577,4.56687083997492e-06,7.157660307963306e-05,0.0,0.0001055373126179631,0.20532299215944091,0.9786966528107269,0.37909458946129226,-0.36031854618073517,0.9328581527295717,0.3654471837192772,-0.11575032886965365,-0.9932850437287406,-0.47485970826337554,0.3307311340907641,-0.9437759652281713,-0.41434541952490334,0.8267967561904778,-0.43613710709947584,-0.1053070765163661,-0.3392816752808524,0.05113754567264355,-0.5257849485493794,1.2157699216027935,-0.12313147505851856,-0.7923484020373962,-0.597528976548413,0.31553357973837654
3900,0.00044160519709787656,1.3557490301340275e-06,7.782390660266954e-05,0.0,0.00010469927015818962,0.1958337208800213,0.9806850431076147,0.3791322664660678,-0.37031839098499697,0.928966860903986,0.363843660655927,-0.1061658862658385,-0.9943952426090487,-0.4752415925343894,0.3419136723629221,-0.939806282224316,-0.41259797862007963,0.8249526969770872,-0.43789929955048573,-0.10165012101996801,-0.3426304092745444,0.049619931843958354,-0.5251668121754715,1.2129134528898204,-0.13286892724325666,-0.7918272645110807,-0.596198198568779,0.31405356198326306
3925,0.00044023048731613775,1.2979595467965986e-06,7.665642437541291e-05,0.0,0.00010415615806638811,0.18558896796527954,0.9826828998397047,0.3807963246167035,-0.37401402457926,0.9274316815662855,0.3629361269413651,-0.09835064824065709,-0.9951828214438725,-0.4747550877399874,0.3454371100688048,-0.9384494969945631,-0.4120425852363036,0.8238510977214002,-0.43646121360785445,-0.10296034959878592,-0.34668659514491845,0.04999492823164902,-0.5255400541768913,1.213628578295105,-0.13352462454445993,-0.7910331043881942,-0.5970255837119072,0.31558486514254735
3950,0.000440280028991955,1.1014226110895684e-06,7.590403284833341e-05,0.0,0.00010389766593471143,0.18781504068538343,0.9822070516361919,0.38051417949801775,-0.3736003394195341,0.9275898784169124,0.36305168264500226,-0.1001087390705237,-0.9949780767446106,-0.4750018458064759,0.3457418290226573,-0.9383297367416629,-0.41211058361600833,0.8236334251010549,-0.43647583185741035,-0.10330236220667145,-0.3470529498699245,0.050145471757882504,-0.5258799951944028,1.2143155128904892,-0.1328776496769087,-0.7907352027065346,-0.5975635247494037,0.31639985473233206
3975,0.00043962076576752057,8.610666318948087e-07,7.626535194742823e-05,0.0,0.00010369386352212665,0.18482344405629542,0.9827764590361093,0.38095160445611603,-0.3744808610707427,0.9272351297657301,0.36310402003793146,-0.09772142987021895,-0.9952166991740637,-0.4751426812924141,0.3480800687621314,-0.9374681196881829,-0.4118420656230025,0.8230202662515729,-0.4372008626736026,-0.1027835303254103,-0.3477502695961152,0.05026445176602391,-0.5263878327107046,1.215108429187951,-0.13430979712502036,-0.7907675547361589,-0.5972015873122523,0.31601403353481594
4000,0.0004387612754703942,9.36276844765835e-07,7.581520981053973e-05,0.0,0.0001034770631630463,0.18056873219532282,0.983571892772053,0.38095955612069204,-0.3767154401171822,0.9263321682454819,0.3626905956729138,-0.09590402347930417,-0.9953922603996226,-0.47501176625475605,0.3518308281873148,-0.9360721580961943,-0.41131391991378874,0.8221884443427578,-0.43692945286066553,-0.10302153435575258,-0.3499874366868836,0.04940529746168666,-0.526358825937524,1.21506767418004,-0.135610977412221,-0.7902149250431518,-0.5976388748842304,0.31692521700672643
4025,0.0004372153272028654,9.049481276339912e-07,7.615483936444575e-05,0.0,0.00010321700219004263,0.178702546315005,0.983904971810848,0.38093124417231283,-0.3757539720898362,0.9267200371790687,0.3630427149875615,-0.09466810108097132,-0.9955096643959827,-0.47462193747863635,0.35197438202503945,-0.9360096468032901,-0.4112941871542083,0.8218929863679373,-0.4372600859941974,-0.10326112466721941,-0.3501899074987998,0.0488293240173283,-0.5259567237699252,1.2147912776783656,-0.1355789642493417,-0.790667755355722,-0.597045562071112,0.31598234448577445
4050,0.0004339944463862222,1.0425509457013795e-06,7.636924997301648e-05,0.0,0.00010269826983926855,0.1791954576899402,0.9838136201752882,0.3799469557758444,-0.3707546933830089,0.9287464974489459,0.36422712368076143,-0.09808848529115881,-0.9951836285066648,-0.47353107566680364,0.3482979192517428,-0.9373921202690737,-0.4118599806175569,0.8222440218372721,-0.43736548279562665,-0.10444319066590395,-0.34888544847095604,0.04647439385220953,-0.524089697371463,1.213050053415893,-0.1328129076962143,-0.7918997512801281,-0.5960416865444015,0.314032914436744
4075,0.00043033011012625017,1.0050230606923452e-06,7.710603372398026e-05,0.0,0.0001020902426064615,0.17913326444539437,0.9838248205671913,0.37867718499811925,-0.3724158811222252,0.9280676871021684,0.36406239758386116,-0.09906425147781839,-0.9950815226137896,-0.47272678389827333,0.34984359270624266,-0.9368095799311782,-0.41187653184049916,0.8220188155147009,-0.43668308093415104,-0.10518331739012948,-0.3500454732962717,0.043507937154507334,-0.522475842958154,1.211404249875812,-0.13289767638910224,-0.7915582931881315,-0.5964679216445565,0.31459736481954226
4100,0.0004243737549136234,1.0613134663304242e-06,7.850839404388797e-05,0.0,0.00010121321787130052,0.1766064297450759,0.9842849005969463,0.3771363353868006,-0.3800080012530389,0.9250193790028614,0.3629264456823488,-0.09914294248925062,-0.9950732049542654,-0.4721185480774759,0.3565452525831041,-0.9343054455902263,-0.41159468985939723,0.8212616217502742,-0.4352022508266157,-0.10549907560626832,-0.35357262522695415,0.03871057942736725,-0.5210486139077184,1.210168207493758,-0.13518065202180735,-0.7896917090574164,-0.5984361000670393,0.31774339225665277
4125,0.0004166153891194772,1.2813353767083678e-06,8.062516569003933e-05,0.0,0.00010021691218792832,0.17116179200330814,0.9852584599707742,0.3759775674926059,-0.3965544713953036,0.9181857305782285,0.3601269690341278,-0.09462358327909468,-0.9955234828039595,-0.47225855103934083,0.3710671618108326,-0.9287362718223133,-0.4105874055934662,0.8193621069015474,-0.43305584044241535,-0.10495242867289384,-0.3607681447096581,0.033901607657473964,-0.521087980289475,1.2107667707737495,-0.1413300697471018,-0.7855567846239873,-0.6024929213896758,0.3246621767534028
4150,0.0004082325224511806,1.947194117937724e-06,8.137773115471285e-05,0.0,9.909036719194132e-05,0.16911449798516454,0.98559859664427,0.3751842991134473,-0.4080719590218618,0.9130369320102217,0.35831750644541993,-0.0935399437413355,-0.9956161216859114,-0.4726528143307051,0.3806379695698971,-0.9247821211649379,-0.41029538919718583,0.8182671430243512,-0.43141159242103644,-0.10437638722373298,-0.3653127123645296,0.030403291567989356,-0.5218742218349965,1.2128237064177978,-0.14453671879529265,-0.7821866395040691,-0.6060756341103163,0.33074525733282256
4175,0.000397990255488662,2.8194469871427004e-06,8.043825898137192e-05,0.0,9.73773710862924e-05,0.16006668925201264,0.9871488851068335,0.3751486114085448,-0.43129511212920246,0.9025704345355586,0.3540405958677804,-0.08547068714860832,-0.9963736489438616,-0.47374305026159114,0.401010074793083,-0.9163390354931918,-0.40864047160701245,0.8153494991047476,-0.42856709448709235,-0.10327431688638898,-0.3754879618875126,0.02695828976011711,-0.5247778302261122,1.2178370126210762,-0.15257550392704214,-0.7759081324589662,-0.6122329952847547,0.3419841637831282
4200,0.00038559323164127446,4.451699408696849e-06,7.461572748649151e-05,0.0,9.47128114707713e-05,0.16276843160792578,0.9866681144986602,0.3747081072953023,-0.4390540636836857,0.8985033510437552,0.35351074899478085,-0.08791329897768861,-0.996131154534132,-0.47445842124114823,0.405752383067012,-0.9139983434625591,-0.4097332308241269,0.8148925273796815,-0.4270177836582548,-0.1032462775898345,-0.3780946871438863,0.02377589051259437,-0.5278168883224629,1.2241527215051802,-0.15126218345968043,-0.7727869727899158,-0.6163999321469705,0.3493147650031531
4225,0.00037121434570853756,6.438696208272561e-06,6.845759021985611e-05,0.0,9.179760491064228e-05,0.14677299271909972,0.9893030302484124,0.3752327353482134,-0.46844276771318094,0.8840998421538313,0.34827431546583837,-0.07516499080648195,-0.9972532288010587,-0.4750321154628743,0.4318997337466761,-0.9023754184074579,-0.407858885566866,0.809675855270336,-0.4217431292791489,-0.10560672646865715,-0.3946381315488834,0.017304861797135945,-0.5333047823706765,1.2346411702350604,-0.1573846705121788,-0.7647970522227282,-0.6248911578134578,0.3655303901253967
4250,0.0003650762598086144,3.7599313115797055e-06,5.1207618060322796e-05,0.0,8.551273436073526e-05,0.15969360168621788,0.9872533093719447,0.3753113400731721,-0.4514497450932472,0.8924978524873598,0.3538553062175434,-0.08567913909789701,-0.9963786415706769,-0.47408950140880385,0.41391378450265337,-0.910530271504167,-0.41242365395839226,0.8111254735209814,-0.42086654662787715,-0.11187033733717942,-0.3905010394975916,0.015294069469673589,-0.5363242102186905,1.2409624381743416,-0.14129691220860088,-0.768481761649213,-0.6242945726093119,0.3642174543346471
4275,0.0003586471076490737,3.407773460956123e-06,4.030934536914874e-05,0.0,8.183595468021817e-05,0.16113445830901174,0.9869335664665577,0.37612838198926324,-0.4490569850494048,0.893506892859553,0.3565088768496358,-0.08914678398459486,-0.9960245985298171,-0.47307076468696535,0.4108280648268688,-0.9117188358165739,-0.4153241403024403,0.8101877088430895,-0.41546809880548724,-0.1212272590502302,-0.39551075702577093,0.009802405265849232,-0.5412349635261554,1.251328673816152,-0.12860849459582993,-0.7682108899909487,-0.6272813353127432,0.36986362527869016
4300,0.0003601208153079837,2.5065031567295296e-06,3.5569945831074036e-05,0.0,8.064205412184926e-05,0.16590358619071574,0.9861538179206416,0.37557024365450503,-0.4471937191221745,0.894439555887514,0.35837203153858527,-0.1002112075002309,-0.9950282047674401,-0.4724847760020675,0.40972180744473047,-0.9122113279765866,-0.417282000043223,0.810307769025167,-0.4100505585484659,-0.128793355655704,-0.398456292049025,0.003853243540016444,-0.5437637892032771,1.2568521421877608,-0.11887542520244296,-0.7674190669446979,-0.6301110822310716,0.37491265172063437
4325,0.00036232454421539624,2.703772840812655e-06,3.058505365952062e-05,0.0,8.020418327947097e-05,0.17236742101798663,0.9850545475700077,0.3774971555244028,-0.43375504205926235,0.9011560757601376,0.36268689144732985,-0.10152631647414281,-0.9948337420892968,-0.4718760676888503,0.39840458091142633,-0.9172936825639975,-0.4198734894524018,0.811061580007207,-0.40973284884721545,-0.13412254534887544,-0.3954081555298109,0.005007468844858734,-0.5468944826543968,1.2604804651310473,-0.10960404667454125,-0.7713070777036272,-0.6270429278955049,0.3693083538684919
4350,0.0003587524485144232,1.398243069668141e-06,3.5281578025539396e-05,0.0,7.96457511497934e-05,0.16319017067566013,0.9866385859731656,0.37805392552347034,-0.4467822435329011,0.894760436860978,0.35907954372414697,-0.09513237179044183,-0.9954853785295017,-0.4729766684032694,0.41107330241843093,-0.9117074324593885,-0.417375437214506,0.809399976402908,-0.41029272449641924,-0.13019844870394653,-0.3995188267519435,0.00644909040517647,-0.546936540311832,1.2598192941799502,-0.1190294905720172,-0.7685103843689204,-0.6287474337439755,0.372519436973575
4375,0.0003601306733997773,6.993942113265764e-07,3.2993662550051193e-05,0.0,7.904450371676164e-05,0.16936875539869875,0.9855962458861472,0.37698355860988786,-0.43858395012059453,0.8987994763822504,0.36036538289553355,-0.10470344461633144,-0.9945611003951688,-0.47279694674652767,0.4035001440987376,-0.9150732411663819,-0.41813629526137913,0.8111270762020564,-0.4115541838197014,-0.12938800455137445,-0.3949679212736264,0.007127807900452004,-0.5447413736657579,1.2570328430055795,-0.11566626668577257,-0.7697587404164231,-0.6278215158583889,0.3703439848531891
4400,0.0003617260288749014,5.055532390981836e-07,2.9505609270672992e-05,0.0,7.85496595725738e-05,0.17707536589358075,0.9842284173149165,0.37648998549040424,-0.43023148005852774,0.9027659553606386,0.36229429071758845,-0.1116946939775227,-0.9937674792805604,-0.47213758135789613,0.3957882316338057,-0.9183801419440343,-0.4195025048717442,0.8121262801136596,-0.41091019231807263,-0.13220764702581503,-0.3926064152357547,0.006789748298927734,-0.5449034940447846,1.2575267852015988,-0.10888276674627757,-0.7713063081629682,-0.6271204076204684,0.3688883585611655
4425,0.00036418535519432534,6.051414988148244e-07,2.4256592301806508e-05,0.0,7.805147439851526e-05,0.18939076404454314,0.981981596382782,0.37586477537653307,-0.41584664218167666,0.9095739897658297,0.3652125430340432,-0.12449678680010953,-0.9923036765778624,-0.4711985236716382,0.38253644920014607,-0.9240528418558265,-0.42157972056235343,0.8138455278681347,-0.4101939128341164,-0.1364267226836507,-0.3883599641658047,0.00744231313616112,-0.5450567818600776,1.2579388332552737,-0.09750352980901307,-0.773821628317368,-0.6259634835086796,0.36638454675894905
4450,0.00036492583298132394,5.020937114353572e-07,2.1764066937973048e-05,0.0,7.763923621072061e-05,0.19607618109949457,0.9806124109990807,0.3753626836583149,-0.4087683970504269,0.9126708549448056,0.36608483786728013,-0.1315417107014395,-0.991336141528129,-0.4706753920585887,0.3757490947032415,-0.9267502155751907,-0.4222531288514938,0.8146999077826309,-0.40987584365442725,-0.13832913288134469,-0.38618658430944697,0.008587915349551717,-0.5447459185077326,1.2573507426310169,-0.0917381250596941,-0.7748751101397757,-0.6254496583248615,0.36524224439944486
4475,0.00036728655287885455,4.473485640216927e-07,1.7205652125167907e-05,0.0,7.716685013921751e-05,0.20711386440270624,0.9783816504040166,0.37444435469465714,-0.3970728332072952,0.9178763797224267,0.36803487912161253,-0.14425116176961084,-0.9896242031626539,-0.46971411083523196,0.36361349139437565,-0.931641792529034,-0.42413711419373895,0.8159665962488096,-0.40873634843521767,-0.14263165491883698,-0.3831707610070549,0.0089967573866024,-0.5444722282153001,1.2575206241151085,-0.08002135966785459,-0.7762716475903648,-0.6254103667574578,0.36458686190252776
4500,0.00036810386711042567,4.681553218500531e-07,1.4700105221435321e-05,0.0,7.684168765948223e-05,0.2119775499871757,0.9772872512273338,0.37412515940763197,-0.3917940404453532,0.9200707095342371,0.36874222144068425,-0.15008057119234502,-0.9886913949176168,-0.46913537961131085,0.357325084851326,-0.934004233987005,-0.425075471758631,0.8163480834782897,-0.4075088139508708,-0.1458366044578853,-0.38243499235660733,0.009230748382615554,-0.5444602566504091,1.2576227107529787,-0.07303672453180682,-0.7768743786209751,-0.6254446158959879,0.3643437852912759
4525,0.000371470858835182,4.266917724432177e-07,1.0583643904813992e-05,0.0,7.666691561146513e-05,0.22289205152520322,0.9749071363661551,0.3734713875591877,-0.3797270155098211,0.9251914550989647,0.3709169611943094,-0.16218389956157753,-0.9868365183143973,-0.46788197243186425,0.34372689040687004,-0.9391823833645883,-0.42733375732672174,0.8171802658857243,-0.40537276552045054,-0.1525868252838563,-0.3803442999124789,0.00904244872970627,-0.5445819189087051,1.2584614063029997,-0.058616858299026825,-0.7785253564429689,-0.6250385089273446,0.3632021400492452
4550,0.00037022999516627287,5.085742006429995e-07,1.0320077071299617e-05,0.0,7.64151589679003e-05,0.22074899161716657,0.9753331004759354,0.37397430796372566,-0.3813714129450669,0.9244236793421012,0.3703982441283916,-0.15970868329175456,-0.9871673478067762,-0.46781498898608004,0.34410029121945196,-0.938933006763176,-0.42712824886218276,0.8163354515580534,-0.40515020076127783,-0.15398338006413112,-0.3817637916634952,0.009399316856592354,-0.5444804110131124,1.258195563420138,-0.058062333996292556,-0.7789593960533882,-0.6243812408514118,0.36198892649208847
4575,0.00037020561711281134,4.4385129921808673e-07,9.736009938819927e-06,0.0,7.62546361898571e-05,0.22062121710983748,0.9753595724601619,0.37456111293283256,-0.37960576382060873,0.9251503172679666,0.3704715026288329,-0.16042369655417985,-0.9870485109433923,-0.46757655718523833,0.34153218211117675,-0.9398740603871296,-0.4272594319567744,0.8158686426412907,-0.40477683352630756,-0.15626572173513253,-0.3822314512473816,0.010309429457755717,-0.5445097168012848,1.2581391578547803,-0.05504303257559418,-0.7800774594870363,-0.6232664055202849,0.35997563171609664
4600,0.00036966429135658883,2.907345580078956e-07,9.519272947424126e-06,0.0,7.601115359560733e-05,0.21752063895560275,0.9760608982495288,0.37582250958416696,-0.3801138093127353,0.9249398868957898,0.3701591731461327,-0.1587749387408214,-0.9873162152379331,-0.4672990156854686,0.3403806978565472,-0.9402885079717849,-0.42719808626644074,0.8142355557094215,-0.40459363566081274,-0.15967869460937442,-0.3845083844072339,0.011257575808888271,-0.5446476362034618,1.2585050574036334,-0.05202985937495934,-0.7817756086353359,-0.6213978013394691,0.3567474650935483
4625,0.00036803019072548736,2.7817086546003886e-07,1.025220004360617e-05,0.0,7.582338067309473e-05,0.21174417241162694,0.9773430395596312,0.3768187586381012,-0.3853109894382386,0.9228038874468799,0.369110737166586,-0.1539685780981481,-0.9880877355824388,-0.4674798630383135,0.344581413800306,-0.9387670690641778,-0.42651924327920926,0.8126786715632041,-0.4047548881954412,-0.16020231994029485,-0.38739271738622577,0.011578882044120064,-0.5447732293072565,1.2585826655228713,-0.05415114019641329,-0.7821955747830854,-0.6206793944238858,0.3555899019954685
4650,0.0003633920045904536,3.9946293250384463e-07,1.2224656417803976e-05,0.0,7.536300996115383e-05,0.19654377519556077,0.980618337726594,0.3787977427249808,-0.4019893480332664,0.9158228361799806,0.3658322581385601,-0.14075033266877704,-0.9901354750671545,-0.46800727319434915,0.3585066399714167,-0.9336450799896452,-0.42461400561759993,0.8086205372143818,-0.4049318426007256,-0.16064433685244084,-0.39552400678106225,0.011314094818856086,-0.5449412072727582,1.2585304823942105,-0.0612173615250469,-0.7820615562018297,-0.62022761315704,0.3550018102243121
4675,0.0003572564045668899,7.498013169288269e-07,1.4159720898487623e-05,0.0,7.47331058832328e-05,0.17909893802556326,0.9839914995564372,0.38028292077214776,-0.42468913680807496,0.9056805637798823,0.36108755035006146,-0.12562274031593787,-0.9921955527604776,-0.46835014318994556,0.3773528139982275,-0.9262905165902902,-0.4222122647835062,0.8035907147493222,-0.4040246214069115,-0.16157451162922276,-0.4062534354656024,0.009642452123471902,-0.5446654288718917,1.2578273269250613,-0.0690910914857612,-0.7807141528699024,-0.6211090099029544,0.35667212072974
4700,0.00034799942116513953,1.8275631879866278e-06,1.4951651573729468e-05,0.0,7.368675246056578e-05,0.15651526535229732,0.987941596130546,0.3815946578950092,-0.46018333536620576,0.8886954653955214,0.3529354769254091,-0.10786691846939764,-0.9943261719534997,-0.4680962295428695,0.40523887537674663,-0.9147093574392939,-0.4189872926494829,0.7952116932313075,-0.40008496788461084,-0.16719841172867153,-0.424333991840629,0.005610089048080492,-0.5437328308785758,1.256431514207839,-0.07401777370400872,-0.77788256480184,-0.6240681957087127,0.3616793023811585
4725,0.0003366479828113811,2.8146096300680406e-06,1.6060160008335397e-05,0.0,7.223039434198412e-05,0.13991814906627145,0.9903049841075355,0.38178843782765165,-0.4958387726244714,0.8693612791385146,0.3427917391656605,-0.09599596005924285,-0.9954531456875929,-0.46809429190057267,0.4338755786839398,-0.9015242041990932,-0.41477127217366777,0.788129649282419,-0.39509479119018,-0.17161563231127644,-0.4400469320605209,0.0035955100095018734,-0.5419221852251345,1.253446558535308,-0.07785806890859737,-0.7737792014802221,-0.6286945509808265,0.3693887855601696
4750,0.0003257676394438596,3.8136958538891344e-06,1.3455807513262184e-05,0.0,7.013290690375783e-05,0.13500701499049061,0.9908569674208098,0.3803546758813493,-0.5300876515516678,0.8488813210541354,0.33208064118067454,-0.09541391006044682,-0.9954378558087601,-0.46650247841257036,0.4582176217752688,-0.8892578971293426,-0.41243945044468083,0.7803471514851941,-0.38629330112087806,-0.18437314404063337,-0.456524536218097,-0.0017682879359304086,-0.5389773971087831,1.2499622032577957,-0.06477169431462092,-0.7703247509411318,-0.6345246751323215,0.378078201068927
4775,0.0003182847169656166,3.1190383107949434e-06,1.3479622388576607e-05,0.0,6.822429085731561e-05,0.14087737768940808,0.9900519010365938,0.3796529363045672,-0.5428037697279676,0.8405439504535429,0.3266013488823524,-0.10195366854826653,-0.9948109401569055,-0.4666814045967878,0.4677230620133877,-0.8841832194438897,-0.41108756927762596,0.7792587098952823,-0.3816941303237857,-0.1888666690416477,-0.4601967808912707,-0.00017464876741793596,-0.5377448155673358,1.24793264868813,-0.0566510961945081,-0.7678182711490832,-0.6383241418637968,0.3839326492024791
4800,0.0003070919662735837,4.125155934815456e-06,1.5227128865717425e-05,0.0,6.693891258874951e-05,0.12854132941820073,0.99179644191385,0.3810187365502241,-0.5710019188850846,0.8220371286944358,0.31749034271980864,-0.09358575078016401,-0.9956590660252199,-0.46720888072301375,0.4925155658520968,-0.8709344550767991,-0.40702519125686165,0.773388005296582,-0.3760312370801044,-0.19384778569214936,-0.47260810627476013,-0.00021020419140763466,-0.5388827782148475,1.250007072479434,-0.05696760253306716,-0.7645196731824605,-0.6421917276003606,0.39092294458393245
4825,0.00028889522107176084,3.2843814308787493e-06,2.279965025069745e-05,0.0,6.43096031230189e-05,0.10907512396439961,0.9942784260223685,0.38200458800390763,-0.6186378423426495,0.7884660066339428,0.3021766683227809,-0.07817779163275058,-0.9970861020969091,-0.46843000070024493,0.5395511864342665,-0.8440560531901538,-0.39869271308097065,0.7661439612793437,-0.368625679427288,-0.19568050461430292,-0.48938533036537457,-0.0023362371022419602,-0.5415061387617375,1.255000211709891,-0.06548906449419595,-0.7582539724606646,-0.6488446697382437,0.40354510699000934
4850,0.0002724361215127987,2.3350612145724986e-06,2.6142769477721607e-05,0.0,6.111681492684756e-05,0.09546669121931597,0.9955264225174144,0.3828340304864873,-0.6530852195978442,0.7586534816131377,0.2876397271136084,-0.07066792700363562,-0.997528264066255,-0.46864310192979547,0.5741638333969046,-0.8198297624749683,-0.3901615501699645,0.7578437475459897,-0.36548159269747804,-0.20112595304187644,-0.5019059766616419,-0.00233698572465795,-0.5416926753276522,1.2556153815066846,-0.06505686353172384,-0.7555878256726749,-0.651821138581451,0.4089664273522645
4875,0.0002345770995586559,7.105477610037239e-06,3.32634905093031e-05,0.0,5.7831404579614144e-05,0.07833228849401885,0.997075744794518,0.3825440829088977,-0.7417150712170383,0.6809888414064262,0.24900193758058792,-0.05741388268557023,-0.9984388537305919,-0.46822172054361066,0.6589564348990903,-0.7593570620729617,-0.3692771780868127,0.7376194128469516,-0.3503555772392165,-0.21939617595315475,-0.5358724011917834,-0.004022758403865583,-0.5386121632564285,1.2511338148449707,-0.05354672086798967,-0.7500241935370333,-0.6594068838807569,0.4208093734933484
4900,0.0001996529528162503,1.296765811573317e-05,2.872389332604123e-05,0.0,5.345596409789821e-05,0.07521078628134335,0.9971725481725143,0.3844721804021319,-0.8042857452254362,0.6026422778087751,0.21112811163685713,-0.0465915801199394,-0.9989727883387869,-0.46814387732599255,0.7336804010566211,-0.6873708942767581,-0.34192278892246647,0.7232414502561291,-0.34188176571832246,-0.232442474195725,-0.5538791749876626,0.000567056966515116,-0.5374528329210474,1.2472692120867264,-0.03836169046878069,-0.7547699123286266,-0.6550745271739179,0.41114454137681516
4925,0.00017317340947527453,8.446816841264401e-06,2.9003307601989995e-05,0.0,4.5503433520211545e-05,0.06177426470894455,0.9981836223661061,0.3840809021220255,-0.8570188426494297,0.5282349638119874,0.1758801176296224,-0.04149551001097302,-0.9991820758264933,-0.46684531488606534,0.7886580932296127,-0.6249058366914447,-0.3183595715170731,0.7097672467187489,-0.33141665045336965,-0.24605917404647254,-0.5718814957032999,-0.0019154751584509713,-0.5356688413623891,1.2467824568928254,-0.025976834634791827,-0.7524047759110317,-0.6584246225074758,0.4174229407732738
4950,0.00015062141645527086,8.764223658126612e-06,3.493861776946179e-05,0.0,4.237054103982249e-05,0.06009667411410941,0.9982553133155374,0.3830483007398175,-0.8860636183350574,0.4767153673047564,0.15245384949624552,-0.04496548036946651,-0.9990230569919332,-0.4672634681018075,0.8204295063871808,-0.5813741214524649,-0.30210470329316225,0.7047127009112036,-0.3243293721649826,-0.25150608190910645,-0.5795576879424819,-0.004070007553566273,-0.536752613409635,1.250288415392403,-0.02071430578299609,-0.7476877466220234,-0.6639414503827333,0.4281296753661775
4975,0.00012410659393047058,1.0221393933242085e-05,4.1513968602883495e-05,0.0,3.925694886661607e-05,0.05822228221688359,0.9983420806698222,0.38461889827405765,-0.9098055673456018,0.42719706409657054,0.1304069546902958,-0.05243484880770812,-0.9986725229398254,-0.46812719557033877,0.8463016649995737,-0.5408966605175348,-0.2878602707741369,0.6991651131150469,-0.3156976588468889,-0.2616857987601252,-0.5863748230432593,-0.0044298444588165,-0.5408937118433418,1.256730043098559,-0.005758749197672091,-0.7445177793950403,-0.6678888959329694,0.43599721748694953
5000,0.0001203770936726217,8.982976761270366e-06,4.214645510414867e-05,0.0,3.78944958121163e-05,0.05911504524563444,0.9982797316119146,0.3856928710921442,-0.9055465445902287,0.43305966829270476,0.13438889491693706,-0.055728576966633664,-0.9984866974391537,-0.46894243143506914,0.8418995066755617,-0.5456089241305873,-0.2910287842417806,0.7021728048482087,-0.3162380941023836,-0.26029872375125973,-0.5829314531352873,-0.005712519266223915,-0.543681177248996,1.2593816853161754,-0.004611366789862514,-0.7441465913383666,-0.6682293447307999,0.4364522329581205
5025,8.509680505718557e-05,6.668829724709479e-06,5.838733072852755e-05,0.0,3.269812499196831e-05,0.06288317002256606,0.9980280401842015,0.3860317457834749,-0.9469760267590277,0.33770575593633,0.09156612895850849,-0.06120884385022852,-0.9981400858470096,-0.4705959792811587,0.886946889038,-0.47015687985219035,-0.2625200147019014,0.6954786638040423,-0.301152678414564,-0.27018913425011426,-0.5942324720873747,-0.005637909364886027,-0.5474852766940344,1.2639627222970187,0.008478357482362408,-0.7380169730461378,-0.6749168098208439,0.44904250403864787
5050,4.668840615687904e-05,8.544673959057414e-06,6.387260232805534e-05,0.0,2.7239006072421325e-05,0.06355330388107955,0.9979786716534877,0.38640593892513236,-1.0001,0.17273517615334608,0.017586086300936235,-0.062408402251068806,-0.9980514205924967,-0.47045049331442657,0.9495285890467032,-0.34388459805896887,-0.21250461373058763,0.6800270363269236,-0.28372229129687687,-0.2883176370650821,-0.6124886323181886,-0.0059037830175919645,-0.5474045353831091,1.262083252533954,0.0323923132932887,-0.7367401288827364,-0.6758247199039022,0.45080226770483356
5075,3.8152588945986045e-05,5.2819904748890885e-06,5.395740497038939e-05,0.0,2.159119306820854e-05,0.05595427753123717,0.9984623668860667,0.3866351908141412,-1.0001,0.0857886386680509,-0.0188699637858067,-0.04549627354514171,-0.9991082152429118,-0.47036500048732455,0.9584833952569027,-0.29028108001589337,-0.1884689741924158,0.6729306802987737,-0.2849612413597111,-0.28759334700575895,-0.6191512392943969,-0.004598217163452916,-0.5466459238768162,1.261319367440166,0.02356667813112759,-0.7398530743260481,-0.672429290981722,0.44426092166161746
5100,3.0087817707499455e-05,3.2404135030302178e-06,4.591944602479076e-05,0.0,1.7145700848276176e-05,0.057804814079259165,0.9983296277032763,0.3881038024477333,-1.0001,0.041728608708882085,-0.03627930538123969,-0.05440526858573119,-0.9985588309894055,-0.46996321920738077,0.9641574179530624,-0.2664585872184676,-0.1804370473076464,0.6670908802767836,-0.2843602580260034,-0.2935974498846437,-0.62290782279922,-0.007304265158533524,-0.5454121249946339,1.2578417125556007,0.03840854313869946,-0.7457255228527394,-0.6653741576451836,0.43042308043981287
5125,2.920892659174195e-05,2.7191679728640867e-06,4.181811218633912e-05,0.0,1.5836908539334666e-05,0.060867414516050614,0.9981505745021573,0.3881657168496734,-1.0001,0.018467751029024565,-0.04625195163522408,-0.059341180017296484,-0.9982500102940851,-0.46870177501760363,0.9680871027434259,-0.25111403557881823,-0.17463777908390268,0.6632642117496599,-0.28064900721333635,-0.3003194477765051,-0.6254638887208878,-0.00854462655456994,-0.5458370005369311,1.260561455568532,0.049992737947749215,-0.7469663482685152,-0.6630859444463791,0.4282939216610577
5150,2.7073952547390465e-05,1.269055132761143e-06,4.336941294404716e-05,0.0,1.485010617794421e-05,0.059753998131633346,0.9982137563717511,0.38869102496280755,-1.0001,0.003818768643201593,-0.05221268591527577,-0.06217831555687732,-0.9980691054208782,-0.46924934320597433,0.9701829365665493,-0.2425346728217936,-0.1712976759323767,0.6635704856290228,-0.27897097630735496,-0.3004725393571901,-0.6257544778626873,-0.008385335901389034,-0.5475654803985895,1.2632257584790147,0.05006265960536253,-0.7459728611582658,-0.6640935383485498,0.4306153293840883
5175,2.6050874508681998e-05,9.19007553964582e-07,4.252350496113251e-05,0.0,1.4266280426341652e-05,0.06026199895094376,0.9981830513859792,0.38880837490249953,-1.0001,-0.009512707066913031,-0.05765226534850334,-0.062382124863400966,-0.9980544872795427,-0.46927983557596553,0.9719391162455806,-0.23543333860066332,-0.16846380725642407,0.6628181564730962,-0.27852386967208614,-0.3008603334042763,-0.6265642462698967,-0.008606008812681885,-0.5479401589583334,1.2634325698975242,0.05018679501151705,-0.7463906589657378,-0.6636141532422927,0.429752059497088
5200,2.528884841463927e-05,8.783819244088736e-07,4.1921651256926473e-05,0.0,1.3969129088958474e-05,0.06073986838405704,0.998154178047468,0.38891171808774794,-0.9999827171983544,-0.02105646277914554,-0.06237947428723166,-0.0627664173685741,-0.9980303568824563,-0.4692855224616893,0.9733897557215472,-0.22943432702735264,-0.16608148632581302,0.6621185172078146,-0.2780428906980279,-0.30140786570265443,-0.6272551408071504,-0.008786919471699274,-0.5482299372304433,1.2636321335729355,0.05071038465747391,-0.7467269571524621,-0.663196252127972,0.4290404543758702
5225,2.626558112320148e-05,8.42828887111983e-07,3.739000272393792e-05,0.0,1.3236814101695069e-05,0.0642070065826186,0.9979429980194207,0.389908533077902,-0.9994768940198143,-0.041590148309664884,-0.07037969780787867,-0.06571447754526186,-0.9978441935183943,-0.46895746624618007,0.9748739086590955,-0.2230376793907008,-0.16430883299117666,0.6595954912977019,-0.27746555415528446,-0.30460947760804036,-0.6286345926983665,-0.009576626043331326,-0.5491258215076519,1.2639105738690384,0.05619101771080351,-0.7496973713418075,-0.659432108990558,0.42244655821722954
5250,2.7477465845863445e-05,9.573910284876835e-07,3.2750171579954085e-05,0.0,1.2619962102256115e-05,0.06344087894055186,0.9979893790205869,0.39016763092553924,-0.9982172910730192,-0.06811908981314296,-0.0814533435769106,-0.06570954404211996,-0.9978419125259405,-0.4682115621750619,0.977629407171249,-0.21086628900051166,-0.15913959705671168,0.6575021339146923,-0.2771844232365413,-0.306541704219212,-0.6300109945709731,-0.010158157458780796,-0.5488071618812312,1.2637362534312673,0.05706982923169888,-0.7522712687991684,-0.6564122707266963,0.4174403661258952
5275,2.969786647986244e-05,8.064954952902706e-07,2.954630601273836e-05,0.0,1.2332731795694322e-05,0.06955254409476547,0.9975970879240309,0.39053523445668586,-0.9958201286698716,-0.09533471685623121,-0.09270670154401622,-0.07055965392923189,-0.9975194047531543,-0.4673905796170032,0.980064883962529,-0.19904408608171456,-0.15469462409257456,0.6545945056984277,-0.2769967435934605,-0.3116231219056785,-0.6306382249961497,-0.010773070392216862,-0.5492167097682598,1.2650017178074047,0.063391241260397,-0.7550482345538695,-0.6526450624478161,0.4117545627474194
5300,3.22327143450612e-05,6.814690117862782e-07,2.6069261817729837e-05,0.0,1.2069276639629973e-05,0.06438510542855187,0.997938563874475,0.39107892034282565,-0.995087134739746,-0.09907639349499782,-0.09424175875978076,-0.06723611744870864,-0.9977426522792133,-0.4670538660495053,0.9805980454430347,-0.19605288568583326,-0.15306475248479362,0.6538594984278884,-0.27741623090851014,-0.3121701170059629,-0.6309190942725931,-0.010478443855341696,-0.5488593055130733,1.265037587711328,0.06062423538134405,-0.7569358121051115,-0.650682678980095,0.4082430926608044
5325,3.1628678635281044e-05,5.026623742881173e-07,2.62415798833345e-05,0.0,1.187564912829598e-05,0.06422770514805191,0.997935281808426,0.390866736214357,-0.995555786941034,-0.09429605640423398,-0.0924358247969429,-0.06692361927986427,-0.9977581505924663,-0.46704267908397207,0.9806657009510796,-0.19569094964552516,-0.15283991569895666,0.6545067157490005,-0.2770630612736995,-0.3123425592096363,-0.630317443952092,-0.010344120690295966,-0.5484109635824375,1.2644404748858848,0.060262054166304584,-0.7567411669616622,-0.6509312728076556,0.4085629571520429
5350,3.1601368792709266e-05,4.067070388943326e-07,2.5012600581398507e-05,0.0,1.1566818098158156e-05,0.06381300110097231,0.9979619599881805,0.3907246927622172,-0.9954303935198497,-0.09549759738115629,-0.09324962438651571,-0.06653058721320636,-0.997784463762319,-0.46675422955661605,0.982128473245351,-0.18836021500667377,-0.14975480080766182,0.6544315973347595,-0.2765038570415751,-0.31441973899202424,-0.6296111982968282,-0.010131927999063423,-0.5476065591941246,1.2633134245576523,0.0604353957387634,-0.7576678483039591,-0.6498377329698106,0.4065184163392434
5375,3.1983266772236715e-05,4.2193520184837024e-07,2.3688018450873266e-05,0.0,1.138741816573102e-05,0.06309233277936753,0.9980079553954393,0.3907339500676202,-0.9948749240976815,-0.10127995690320601,-0.09580893240379758,-0.06628314763722688,-0.9978008848617265,-0.4664547142330589,0.9835484586643061,-0.18080794180779125,-0.14666250112685894,0.6536422727873872,-0.27631510752686733,-0.3158286136595777,-0.629806882537844,-0.010101413410244257,-0.5470982934538545,1.2625371391654703,0.06062411660337036,-0.7587307768869667,-0.6485792733644328,0.4042500497615901
5400,3.259552501687895e-05,4.2289275632451843e-07,2.17599720318051e-05,0.0,1.1124835063531521e-05,0.061162462902424684,0.9981296971780982,0.3907734436735218,-0.9937454057350428,-0.11220864846624377,-0.10056349095814975,-0.06547389312711378,-0.9978546121960977,-0.46600970338042097,0.9859259499315941,-0.16771170024558674,-0.14131267317471344,0.6519774249449203,-0.27665016476911475,-0.3170062564661746,-0.6307950573958371,-0.01007342920062917,-0.5463584711060803,1.2613072854351806,0.0601688298110521,-0.7602838730868675,-0.6468028442479882,0.4009964474366136
5425,3.2894400505751184e-05,4.0582208134824584e-07,2.063106783952957e-05,0.0,1.0948586917865097e-05,0.05928148341493609,0.9982430849591382,0.3907832256350876,-0.9928366916177324,-0.1197185367848442,-0.1038158693012075,-0.06443193925108577,-0.9979226500505973,-0.4657555560333783,0.9873861266405402,-0.15859958659361353,-0.13757497593497534,0.6506292438703187,-0.2774331491306382,-0.3166236977201952,-0.6320332102831978,-0.01005701402450685,-0.5458643215784783,1.2604918259627067,0.05908009506693593,-0.761097003293277,-0.6459438662390339,0.39936815245608176
5450,3.256178816207808e-05,4.3732103548002754e-07,2.0283773272786496e-05,0.0,1.0831504908260931e-05,0.0575504613797605,0.9983441045355378,0.39072051127410706,-0.9924587782719317,-0.1226136115821916,-0.1050726148796803,-0.0629403246684865,-0.9980184114448073,-0.4657224645968739,0.9880258643097013,-0.15434831829029283,-0.13580754452066596,0.6498293558306203,-0.2783859886873281,-0.31523602847978516,-0.6331302969437936,-0.010052934306976818,-0.5455559309046109,1.2600095684477848,0.057388347067632066,-0.7610992568299959,-0.6460939431984171,0.39948052386809946
5475,3.188869510429426e-05,4.930560172996193e-07,2.0231592179609436e-05,0.0,1.071989106716051e-05,0.055690241796559105,0.9984498327830768,0.3906632281258061,-0.9923470811617366,-0.12348294922554626,-0.10542108961483544,-0.06110687215806314,-0.9981329194052802,-0.46580864372015107,0.9883526473204961,-0.1521966181129059,-0.13492438028693057,0.6493128856310987,-0.27920668699998014,-0.3136521555379018,-0.634084447964439,-0.010106358324910452,-0.5453918767085628,1.2597643639698755,0.055465545609516574,-0.7607788701630883,-0.6466399167058415,0.40029881102996484
5500,3.0296721510200235e-05,6.407405523265871e-07,2.0264762737851392e-05,0.0,1.0496741181006277e-05,0.05152435786769699,0.9986804535661219,0.39051403489974773,-0.9921141864025553,-0.12535145275131596,-0.1061153262015978,-0.056573584790109196,-0.9984087620759393,-0.46603443681450313,0.9889829154854405,-0.14808814618636507,-0.1332495440921706,0.6483383513888923,-0.28061894455760145,-0.31095530159385076,-0.6357910980345632,-0.010291282703616322,-0.5450371470815596,1.25927521669669,0.05123268489433655,-0.7600265676098,-0.647884913890287,0.4021774926337768
5525,2.7403203521990342e-05,9.147180427456301e-07,2.0174374906901907e-05,0.0,1.0064346511425827e-05,0.04253569089080217,0.9991354855136736,0.3903275680990523,-0.9912338763382138,-0.1323046655244576,-0.10873454387340936,-0.04706674837632285,-0.998937125234991,-0.4664604485751303,0.9905789747452348,-0.1373707879368249,-0.12897437067260617,0.6462334852514137,-0.2826804829467511,-0.30695035379416746,-0.6389760334048851,-0.010816712847105569,-0.5445093479167613,1.2585760583792347,0.043044287763138234,-0.7588733030098195,-0.6498698479616005,0.40518443454311753
5550,2.393907915202794e-05,1.060550724982955e-06,1.9914363545810714e-05,0.0,9.407018974557504e-06,0.028062843912375752,0.9997110941003461,0.3900517221320213,-0.9887799554093561,-0.15050393816894506,-0.11569161435450007,-0.03125439033565174,-0.9996367755506554,-0.46692357019993497,0.9934537971383816,-0.11621313606893433,-0.12066804421182767,0.642280477652674,-0.285113836816562,-0.3028688225624269,-0.6438308316697834,-0.011973946436248531,-0.5436338620820292,1.2575030515881804,0.030771915215298165,-0.7576795041771373,-0.6520211058498687,0.4083906375055714
5575,2.2798571330927837e-05,5.926409792100724e-07,1.873125757958329e-05,0.0,8.661550369628268e-06,0.015134120066977081,0.999969088036977,0.3900079628745569,-0.9845933399018433,-0.17688878907981295,-0.12574433281667974,-0.01724613048034951,-0.999949448638683,-0.46706592789347884,0.9961556273114327,-0.09115487713439711,-0.11111933214913147,0.6379770835244581,-0.2858947670299733,-0.3022956058270587,-0.6479997123234111,-0.013536630522784194,-0.5432308208141465,1.2572037571048327,0.02166918144622918,-0.7576525759506988,-0.6523618608837629,0.40884094427098894
5600,2.376805476393129e-05,1.5421799864834734e-07,1.6860251023642822e-05,0.0,8.218191956703831e-06,0.007258118666967765,1.0000046762241317,0.3900942939766581,-0.9805793415876154,-0.1972140559383436,-0.13353226499130483,-0.009577709941920805,-0.9999835364358213,-0.4669573907426278,0.9976013757068591,-0.07187122999339009,-0.10374135645827659,0.6352447227513325,-0.28544307241682587,-0.30445385562177596,-0.6498538375605324,-0.014569368713841147,-0.5432657135490999,1.257553605166873,0.0175554540860916,-0.7585968937571399,-0.6513381773444425,0.4071712531292058
5625,2.391726864213388e-05,2.3086795830805337e-07,1.6268176251283168e-05,0.0,8.175609753668242e-06,0.00470580012047696,0.9999921849503765,0.38998505746562045,-0.9800016493256851,-0.1989982015841059,-0.13436038729477273,-0.007397088276784513,-0.9999750188145611,-0.4668412578562994,0.997716362536806,-0.06767364707491225,-0.10187113836661765,0.6348435650118178,-0.28566042843899436,-0.30474086297157665,-0.650003913154083,-0.01447601924098011,-0.5430452996484897,1.2573460683850397,0.015729073033284847,-0.7588842572009589,-0.651038239016586,0.4066966762645763
5650,2.4235315914027774e-05,2.3320416119982124e-07,1.5867537145286393e-05,0.0,8.160493108582726e-06,0.005772963834414803,0.9999839057587598,0.38998687745544475,-0.9803393557759433,-0.1973262701943702,-0.1337740651292104,-0.008358448217749724,-0.9999655297317472,-0.466735247721295,0.9975670157391604,-0.06974519698064388,-0.10271710841791373,0.6350768586445714,-0.28552359578727854,-0.3054164733062887,-0.6495192085137179,-0.014367027886999464,-0.5429592098937326,1.257216339584865,0.016562853930247045,-0.7592505119542332,-0.6505884748167939,0.40590683733351324
5675,2.4274983658874723e-05,2.246714558914721e-07,1.576257910067191e-05,0.0,8.142315425444208e-06,0.0055052700430413114,0.999984881718862,0.38998418793741413,-0.9806165770631644,-0.19594163124790814,-0.13326222698001816,-0.008122308510967666,-0.9999670413895846,-0.4667149717313906,0.9974437439719117,-0.07147743135482289,-0.10340236069876436,0.6351868645962532,-0.28581144584855567,-0.3052020778864579,-0.6493853362692658,-0.014266080021041043,-0.5429058095391462,1.2570954406201378,0.016069544629793642,-0.7593082104404834,-0.6505329054506965,0.405780361038621
5700,2.478917383036815e-05,1.759858919400718e-07,1.4980774914248267e-05,0.0,8.059581284087327e-06,0.002956905039864322,0.9999988755576277,0.3899636171589795,-0.9819794392378332,-0.18911591338316733,-0.13067674885359745,-0.005583466993857028,-0.999987635427087,-0.4665726279699173,0.9966950478196213,-0.08190414175056863,-0.1076784528559401,0.6355662925401999,-0.287701942027226,-0.3037193409661724,-0.6488788909925792,-0.013959180037499762,-0.5425055151635206,1.256438472108555,0.012403422074082994,-0.759752252617398,-0.6501049842737051,0.404868102039777
5725,2.5190768979970196e-05,1.388913400151459e-07,1.4402235504494092e-05,0.0,8.001935700901945e-06,7.464334994380841e-05,1.0000041509554687,0.3899938432218536,-0.9836659605152503,-0.1802306051961944,-0.1271224058647366,-0.0023756936245572825,-1.000002323044033,-0.4665236025877688,0.9954965483638584,-0.09582163086115676,-0.11355784084477566,0.6361663923832345,-0.2898871004381175,-0.30183235158265104,-0.6482007230563787,-0.013815807626289155,-0.5423055969859538,1.2561297981128998,0.008108273592472477,-0.7600411075423834,-0.6498387287871842,0.4042711970330835
5750,2.545438155590493e-05,1.1051389286831041e-07,1.4082947790741703e-05,0.0,7.973774205050312e-06,-0.001199092487569118,1.0000000923129602,0.39006098834815517,-0.9845117104381061,-0.17538774336026688,-0.12509099825582773,-0.0007526187202320784,-1.000001033966465,-0.4665293064734409,0.9946379945232621,-0.10372298745474823,-0.116938322509347,0.6365366240752708,-0.29094766771101216,-0.3008870689754577,-0.6477961652163071,-0.013882846484930954,-0.5423706112199296,1.2562925422045184,0.006133757467097073,-0.7602007437378726,-0.6496623442803555,0.4039613282760697
5775,2.5410870173734266e-05,1.0859722003795692e-07,1.404224173167953e-05,0.0,7.955780713105533e-06,-0.0020545291935649534,0.9999982553504276,0.3901495944338624,-0.9850620235123765,-0.17222974658676773,-0.12366324759242243,0.00047402114466071595,-1.0000006399674468,-0.46661858675528695,0.9941404072632484,-0.10819002904333032,-0.11891277155182699,0.6367511826542389,-0.2915015344798121,-0.30026765222704244,-0.6476224906931304,-0.014058513945648837,-0.5426403511789254,1.256760511021342,0.004888633059744204,-0.7601531594613042,-0.6497267365533455,0.4041143296975827
5800,2.5396368516185258e-05,1.1361529354552888e-07,1.3998001857071673e-05,0.0,7.947043250778703e-06,-0.0025027600360058083,0.9999969685519321,0.3902239279161909,-0.9852490420672031,-0.17113026884210764,-0.12313443060867633,0.0011169262219458062,-0.9999995828972401,-0.4666727816538417,0.994058925639807,-0.10884538632251416,-0.11922307749514158,0.6367629569830052,-0.2917117951307832,-0.3000469953101682,-0.6476179883675428,-0.014157021990567828,-0.5428451698043986,1.2570807356110132,0.004328007216762718,-0.7601483914362839,-0.649735335159612,0.4041632149264849
5825,2.539782117702907e-05,1.2970684889436564e-07,1.388473407434874e-05,0.0,7.93433515961218e-06,-0.0032177602566417223,0.9999950786158907,0.39037132428096405,-0.9855621671077437,-0.16932387844990654,-0.12229419703028971,0.0020821941193649492,-0.9999982980920218,-0.4667626883901147,0.9940469682882423,-0.1089525864655268,-0.11929380696707442,0.6367279938220596,-0.29207020513350157,-0.2997261970655999,-0.6476394807344465,-0.014265409816955472,-0.5431938717233435,1.2575679775103652,0.003378197338405738,-0.760189476693354,-0.6496933529800251,0.4041256449672737
5850,2.5496771554988456e-05,1.4374800441165604e-07,1.3700648383262827e-05,0.0,7.925732790297251e-06,-0.0037696312624509024,0.999993047200713,0.39050678054926685,-0.9858000917197662,-0.16792909566040018,-0.12168571292008491,0.002757992847515365,-0.9999964250818405,-0.4668146248553664,0.9940863605880971,-0.10859313088198635,-0.11913145572215023,0.6366624438139811,-0.29241057218573535,-0.299509391194714,-0.6476505861774776,-0.014293162826783497,-0.5434349448953424,1.2578380271901035,0.0025854850814923513,-0.7603135817680743,-0.6495515657417177,0.4038775490949734
5875,2.5581440423200447e-05,1.517563726900196e-07,1.3571591884969275e-05,0.0,7.921660285247955e-06,-0.003970073211244332,0.9999921393178672,0.39058042064919013,-0.9858913965482652,-0.1673871448308832,-0.12148189348368454,0.0029504115006956156,-0.9999956660372452,-0.466830714099148,0.9941245109595278,-0.10824329160713027,-0.11895804543088485,0.6366148357265775,-0.2925774722673996,-0.2994520375187107,-0.647648426461083,-0.014259896455144026,-0.5435184106044605,1.2578740391309986,0.0022356310946406994,-0.7604194608362416,-0.6494285136146907,0.4036370607498961
5900,2.561920552693651e-05,1.5239014732239523e-07,1.3520447387700018e-05,0.0,7.919364671320744e-06,-0.0040036800520375235,0.9999919858059317,0.39060817269519604,-0.9858678710878864,-0.16752480491212082,-0.12157128322884214,0.00294127743928596,-0.9999956744759052,-0.4668331674866455,0.9941567582951708,-0.10794655461664333,-0.1188124193949166,0.6365781753564272,-0.29261123357052304,-0.2994756190137101,-0.6476582813518261,-0.014222580191883553,-0.5435254085871156,1.2578277462502372,0.0021681787223167266,-0.7604711015812304,-0.6493681648500447,0.403507248626927
5925,2.563308294167022e-05,1.508329211162883e-07,1.3491540352645122e-05,0.0,7.91542441153284e-06,-0.004015554330098143,0.999991937699786,0.39064668361343385,-0.9857512881768299,-0.16821082628524975,-0.12191140402818172,0.002884696565216829,-0.9999958408551057,-0.4668473578538728,0.9942217080771043,-0.1073479730757551,-0.11852940803946337,0.6365094031931542,-0.2925904497421718,-0.2995488719004441,-0.6477013926941737,-0.014166613052255318,-0.5435465095794283,1.2577824422117374,0.002176636266156486,-0.7605130003612424,-0.6493190608432018,0.40338790266215857
5950,2.5603055849564548e-05,1.4601644606158798e-07,1.3499027250982542e-05,0.0,7.908026487746371e-06,-0.004146057213454509,0.9999914135841339,0.3907217813391661,-0.9854538244800504,-0.16995258766333657,-0.12272635719105705,0.002932550060488176,-0.9999957012102554,-0.4668960897446313,0.9943656527152439,-0.10601311651474413,-0.11791783832843881,0.636349784210577,-0.29251160180697355,-0.2996643396519614,-0.6478404609625757,-0.014088278348998574,-0.5436410200036099,1.257811476497829,0.0021840374218378756,-0.7605321044096364,-0.6492966572101612,0.403306616389459
5975,2.5484784371682923e-05,1.3624180530533234e-07,1.3590014763673537e-05,0.0,7.896704910254491e-06,-0.004567731620672257,0.9999896567678233,0.3908483433269497,-0.9848992213187052,-0.17315921559852288,-0.12418228979619261,0.0032932421393766925,-0.999994642311561,-0.467007299407551,0.9946244817045542,-0.10357689010220547,-0.11682373325380048,0.6360507510416686,-0.2923664646207252,-0.29977473838494,-0.6481486066674857,-0.014001951591830984,-0.5438816882681157,1.2580404101815226,0.0020985079554471735,-0.7604770992453245,-0.6493613726722224,0.40338410889900456
6000,2.5291201883429294e-05,1.260326750394227e-07,1.3762208381062815e-05,0.0,7.886301657922075e-06,-0.005391608713980793,0.9999858045807479,0.39097067370907274,-0.9842776243337219,-0.17666417125122588,-0.1257297192668511,0.004134695178786351,-0.9999918061366567,-0.4671482305363131,0.9949121017881473,-0.10078596777042065,-0.11559501688728177,0.6356852432753949,-0.29226041964206273,-0.2997323182298398,-0.6485745786701502,-0.013965823780762181,-0.5442020359738505,1.2584524690873031,0.001737119418480731,-0.7603223491051642,-0.6495437596413937,0.40370371349681927
6025,2.511662283415619e-05,1.249663695112699e-07,1.391643250095354e-05,0.0,7.881590888728708e-06,-0.006176331957455327,0.9999812342000756,0.3910090396066114,-0.9839625384586111,-0.17838379786628245,-0.12645433961060157,0.004978267492025277,-0.999987964158326,-0.46722853718936985,0.9950700062066553,-0.09918815603913649,-0.11491162081446317,0.6354561414326646,-0.2922726190676224,-0.2995479350042126,-0.6488785881442567,-0.013992392238191344,-0.5443879467010257,1.2587617080972053,0.0012666651972123425,-0.7601633450019075,-0.6497309952227919,0.40406044208277675
6050,2.504331993116263e-05,1.2786208869037406e-07,1.3975695690211394e-05,0.0,7.88052037748903e-06,-0.0066373763822689434,0.9999780786639173,0.390989034840696,-0.9839327667848072,-0.1785394509997964,-0.1264984048014165,0.005463517769959961,-0.9999851926103928,-0.4672361272987844,0.995106884653212,-0.09880519109930007,-0.11475917309613676,0.6353774953666639,-0.2923580757162176,-0.2993803876964783,-0.6489943238302139,-0.014021675043937686,-0.5443986607071515,1.2588256386792214,0.0009025479991510738,-0.7600948098330269,-0.6498116721520932,0.4042193301000963
6075,2.50169123038097e-05,1.288975617532023e-07,1.399759698763655e-05,0.0,7.88024039534117e-06,-0.006876029203847526,0.9999763883142726,0.3909681235193227,-0.9839531148476582,-0.17842724227563347,-0.12644334329290266,0.005696538537304411,-0.999983801741618,-0.4672286276635015,0.9951149130301379,-0.09872358505108364,-0.1147280660999191,0.6353480399742013,-0.2924268157290982,-0.29928077894065647,-0.6490381023726993,-0.01402888626606025,-0.5443689807474831,1.2588034136954334,0.0006836010136113608,-0.7600702395803568,-0.6498406058229866,0.4042716764286745
6100,2.500566079011757e-05,1.2884773029393376e-07,1.4008458804680802e-05,0.0,7.880132557136033e-06,-0.0070892414489945816,0.999974893745153,0.3909550084216319,-0.9839559240043879,-0.17841171448492174,-0.12643858825316245,0.0058936735955436555,-0.9999826515862669,-0.4672225877839094,0.9951255271728048,-0.09861656246338232,-0.1146813784864112,0.6353146032125327,-0.2924873221025846,-0.2992056562941406,-0.6490781991617546,-0.01402620770559448,-0.5443404103836625,1.2587669023099697,0.0004858002987405389,-0.7600589814166173,-0.649853943742466,0.40428998848026837
6125,2.5001060323672185e-05,1.2826860807090164e-07,1.4014698417512116e-05,0.0,7.880112913079402e-06,-0.00714645238131991,0.9999744654201881,0.3909535713318945,-0.983946086555351,-0.17846596816556207,-0.12646647882898884,0.0059399535631926076,-0.9999823593910178,-0.4672227304323233,0.9951328480247928,-0.09854263015460983,-0.11464704554110147,0.6353012289726525,-0.29249969110776236,-0.29918968783919936,-0.6490930678004545,-0.014020442518367619,-0.5443338249417846,1.258752791717796,0.0004352027449816655,-0.7600551630487665,-0.649858417131683,0.40429312899300035
6150,2.5001799023421558e-05,1.2810186616043586e-07,1.401445436639321e-05,0.0,7.880111797659215e-06,-0.007169473805971639,0.9999742992575201,0.3909545673037182,-0.9839391446928466,-0.17850423259295176,-0.12648417337402737,0.005960795186838088,-0.999982234519458,-0.4672233677271889,0.9951358598415064,-0.0985121873182799,-0.1146333680505338,0.6352947514905385,-0.29250326653506786,-0.2991867091523954,-0.6490991688197193,-0.014019280508450761,-0.5443339354539203,1.2587508312795401,0.00041673338047571996,-0.7600555265322175,-0.6498580023842434,0.4042912310288008
6175,2.5001414897059593e-05,1.2804707834866875e-07,1.401500234902825e-05,0.0,7.880111696226769e-06,-0.007159949024577916,0.9999743672817929,0.3909550403259643,-0.9839384966211688,-0.1785078006139895,-0.12648593460899646,0.0059511600264402905,-0.9999822917369149,-0.4672237594758892,0.9951358487140952,-0.09851229497605911,-0.11463324335746532,0.6352960365165699,-0.2925002106933241,-0.299189825062965,-0.649097851892846,-0.014018932137907458,-0.5443350229107345,1.2587519086416235,0.00042579365705850656,-0.76005536967059,-0.6498581797720749,0.40429144150576235
6200,2.5001483855649598e-05,1.280581763814059e-07,1.4014900052678218e-05,0.0,7.880111687494406e-06,-0.007160812863910691,0.9999743610512631,0.3909550045663742,-0.983938602581484,-0.1785072165217385,-0.12648559615376775,0.0059521558145953545,-0.999982285764172,-0.467223725059058,0.9951358017498056,-0.09851276939241578,-0.1146335056078418,0.6352959509698706,-0.29250047576197824,-0.29918957351464187,-0.649097932103146,-0.014019056255684122,-0.5443349763308802,1.2587519503212297,0.0004249949935101087,-0.7600553999036905,-0.649858144872516,0.40429143918491495
