MaskNum,Pose_Cam_X,Pose_Cam_Y,Pose_Cam_Z,Pose_Cam_Ori_X,Pose_Cam_Ori_Y,Pose_Cam_Ori_Z,Pose_Cam_Ori_W,BBox_Cam_Extent_X,BBox_Cam_Extent_Y,BBox_Cam_Extent_Z,BBox_Cam_Center_X,BBox_Cam_Center_Y,BBox_Cam_Center_Z,BBox_Cam_R00,BBox_Cam_R01,BBox_Cam_R02,BBox_Cam_R10,BBox_Cam_R11,BBox_Cam_R12,BBox_Cam_R20,BBox_Cam_R21,BBox_Cam_R22
0,0.139904432,0.065552577,0.563145667,-0.400572357,-0.013016861,0.00812851,0.916136603,0.296,0.154,0.01,0.140056244,0.061883845,0.559751944,-0.004465261,0.999528977,0.030362559,0.678951429,0.02532204,-0.733746381,-0.734169612,0.017338334,-0.678744697
1,0.190202531,-0.323412551,0.761435179,-0.432545101,-0.34996934,0.34965728,0.753767858,0.296,0.154,0.01,0.194352913,-0.325449243,0.759530917,0.224365791,0.510522495,-0.830076366,-0.381289045,0.829875885,0.407338533,0.896815843,0.225106193,0.380852394
2,-0.016420565,0.061291812,0.563040024,-0.400762023,-0.009479687,0.008155764,0.91609684,0.296,0.154,0.01,-0.016301036,0.057621217,0.559647025,-0.007344742,0.999687238,0.023905664,0.678646569,0.022541136,-0.734119017,-0.734428274,0.010831582,-0.678599873
3,-0.241739943,0.081671095,0.536803186,-0.277110711,-0.278579134,-0.6445694,0.65584572,0.296,0.154,0.01,-0.241699065,0.078058041,0.533347153,0.999870688,-0.013847909,-0.008175696,0.015479885,0.691081641,0.722610918,-0.004356577,-0.722644035,0.69120664
4,0.296647226,-0.130787104,0.786646594,-0.402148583,-0.009800834,0.007857336,0.915488243,0.296,0.154,0.01,0.29676855,-0.134467957,0.783264789,-0.006503815,0.999684412,0.024264729,0.676429559,0.022269381,-0.736170583,-0.736478617,0.011625463,-0.676360921
5,0.140471232,-0.133276628,0.784374211,-0.409686113,-0.004885526,0.01105966,0.912146427,0.296,0.154,0.01,0.140561105,-0.137013025,0.781052877,-0.016172995,-0.999707631,-0.017974608,0.664069945,-0.024179122,0.747279384,-0.747495513,0.000149349,0.664266841
6,-0.016274326,-0.139626811,0.785374894,-0.40309804,-0.005313741,0.011187416,0.915072989,0.296,0.154,0.01,-0.016180605,-0.143314858,0.782000056,-0.016190687,-0.999693212,-0.018744172,0.674773624,-0.024758521,0.737609363,-0.737847151,-0.000705671,0.674967468
7,-0.242962288,-0.023417353,0.652528207,-0.289353641,-0.289566375,-0.643466266,0.646820647,0.296,0.154,0.01,-0.242951206,-0.027152214,0.649203949,0.999988703,-0.004204957,-0.002216406,0.004451269,0.664840363,0.746972207,-0.00166743,-0.746973634,0.66485157
8,-0.239370312,-0.332259678,0.999540371,-0.280068884,-0.305592642,-0.648871391,0.638075603,0.296,0.154,0.01,-0.239237687,-0.336029632,0.996258625,0.999231989,-0.028841889,0.026525045,0.001054677,-0.656884028,-0.75399089,0.0391704,0.753439792,-0.656349115
9,0.302251533,-0.32967949,1.012190108,-0.411128671,-0.01036026,0.006164086,0.911497606,0.296,0.154,0.01,0.302371309,-0.33342628,1.00888145,-0.0027183,0.999709338,0.02395517,0.66187044,0.0197559,-0.749357875,-0.749613321,0.013818239,-0.661731762
10,0.143804622,-0.334377195,1.011152873,-0.404523031,-0.012083146,0.006229187,0.914426767,0.296,0.154,0.01,0.143940312,-0.338075509,1.007790722,-0.001616449,0.99963039,0.027138003,0.67264463,0.021168092,-0.739662838,-0.739963911,0.017058605,-0.67243023
11,-0.243673963,-0.127344326,0.769670182,-0.283844086,-0.281771078,-0.640464829,0.65562367,0.296,0.154,0.01,-0.243644527,-0.13100992,0.766269806,0.999765912,-0.020819724,-0.005887269,0.018474675,0.679849696,0.733118734,-0.011260871,-0.733055885,0.680075189
12,-0.014084022,-0.340934303,1.015851863,-0.410563528,1.91E-05,0.002784753,0.911827744,0.296,0.154,0.01,-0.014072763,-0.344677936,1.012537487,-0.005094148,-0.99998449,-0.00225173,0.66285967,-0.005062713,0.748726537,-0.748726324,0.002321543,0.662875179
13,-0.240264547,-0.228736184,0.880015095,-0.282411388,-0.29780737,-0.643038225,0.646572826,0.296,0.154,0.01,-0.240155019,-0.232477194,0.876699549,0.99975047,0.004374777,-0.021905671,0.013491299,0.6633337,0.748202104,0.017803987,-0.748310941,0.663109157
14,0.303204633,-0.520058728,1.228323109,-0.410457978,0.006274657,0.002084096,0.911855544,0.296,0.154,0.01,0.303155972,-0.523801643,1.22500826,-0.008951755,-0.99991257,0.009732294,0.66303981,0.001350177,0.74858292,-0.748530612,0.013154029,0.662969754
15,0.145397611,-0.533793606,1.244989239,-0.421006856,-0.004431953,0.010156803,0.90698976,0.296,0.154,0.01,0.14548057,-0.537611645,1.241761903,-0.014692468,-0.999754394,-0.01659164,0.645300133,-0.022155999,0.763607786,-0.763787844,0.000512696,0.64546717
16,-0.243329478,-0.441522025,1.129159975,-0.284113518,-0.309177355,-0.643590954,0.639905896,0.296,0.154,0.01,-0.243179563,-0.445329921,1.125923086,0.999358224,-0.019599905,0.029983045,0.010140387,-0.64799236,-0.761579328,0.034355667,0.761394605,-0.647377744
17,-0.013967895,-0.544390718,1.25879188,-0.41851331,-0.004441727,-0.009861693,0.908146259,0.296,0.154,0.01,-0.01396883,-0.548191869,1.255543611,-0.021629564,-0.999766036,-0.000187024,-0.649498712,0.014193876,-0.7602302,0.760054988,-0.016321976,-0.64965376
18,-0.246487644,-0.549008965,1.262991088,-0.308804947,-0.313287528,-0.623474747,0.646351042,0.296,0.154,0.01,-0.246388027,-0.552958197,1.259926184,0.999456582,0.026260329,0.019923267,0.031837489,-0.612477627,-0.789846524,-0.008539074,0.790051613,-0.612980858
