MaskNum,Pose_Cam_X,Pose_Cam_Y,Pose_Cam_Z,Pose_Cam_Ori_X,Pose_Cam_Ori_Y,Pose_Cam_Ori_Z,Pose_Cam_Ori_W,BBox_Cam_Extent_X,BBox_Cam_Extent_Y,BBox_Cam_Extent_Z,BBox_Cam_Center_X,BBox_Cam_Center_Y,BBox_Cam_Center_Z,BBox_Cam_R00,BBox_Cam_R01,BBox_Cam_R02,BBox_Cam_R10,BBox_Cam_R11,BBox_Cam_R12,BBox_Cam_R20,BBox_Cam_R21,BBox_Cam_R22
4,-0.286035029580953,-0.10855844873879272,0.641234716220662,-0.3007108668537606,-0.2880779323138474,-0.6410729005628109,0.6446779161983315,0.2705119677850706,0.20373221600640806,0.010000000000000064,-0.2861056306463318,-0.11234385484557324,0.6379688754259636,0.999827412827178,0.012073282155525814,-0.014120213075765064,-0.0028029785599113636,-0.6533147538370339,-0.757081221356103,-0.018365398729802244,0.7569901375030252,-0.6531681589396766
5,-0.11624469829937184,-0.257938892940033,0.8132907838729184,-0.2978403413886244,-0.2980349648588059,-0.6397433791667275,0.6428022243081108,0.24335582818348286,0.19910943283485122,0.01000000000000053,-0.11623433678056484,-0.2617600762346521,0.8100661209652873,-0.0038071370678935024,0.9999906055881059,0.002072303761399364,0.6449232628709307,0.004039079707688285,-0.7642366589238098,-0.764237849569922,-0.0015730768093705375,-0.6449325815262346
6,0.08192558989036511,-0.25700987955837234,0.8119280921088687,-0.290702047467047,-0.29825828331052856,-0.641295886752777,0.644417490194899,0.23191657588482406,0.19996164692107254,0.01000000000000021,0.08198335816086091,-0.26079593249937455,0.8086627489485175,0.00043683585875176084,0.9999331588918279,0.011553654099163885,0.6531159843623193,0.0084638104648697,-0.7572105882004381,-0.757257763344075,0.007876652907509635,-0.6530686320702469
7,-0.32051872034986334,-0.261839655340405,0.8215788943327591,-0.301946716763573,-0.2943811350985121,-0.6393261957247969,0.6429851810064282,0.2640136399950469,0.20473095126599244,0.010000000000001827,-0.3205563177329019,-0.26566318369568703,0.818357215057421,0.009203525516342815,0.9999293738007781,0.007519476607705381,-0.6443797049202643,0.00018039139151721645,0.7647056710564,0.7646503063524811,-0.011883386273687655,0.6443358550676248
9,0.28505860583084286,-0.26221744894868937,0.8230272032830588,-0.2869832595467879,-0.30398190451650703,-0.6433935875748118,0.641311392331394,0.2575109344692883,0.20247002328308256,0.010000000000000966,0.28516164452579595,-0.2660137053672939,0.8197748471783946,0.01272061361174437,0.9997067105321619,0.020607738990616648,0.6507558393266137,0.007370600415024076,-0.7592512837209014,-0.7591804947255002,0.023068748697897004,-0.650471220932839
16,-0.7281634242660275,-0.36955757417278184,0.7416306031440693,-0.27613259696635445,-0.30802006541553745,-0.6358628927899466,0.6515771709988204,0.4165425254736016,0.15962472337596495,0.010000000000000599,-0.7279122605566904,-0.37331537643462553,0.738341858862129,0.9987362508162765,-0.001604041748416174,-0.050232741867402744,0.038858340930835115,0.6585187284925228,0.7515604523687328,0.03187366696115717,-0.752562629469907,0.6577488563880509
24,-0.7290703180371844,-0.4836504449245567,0.8786732377711405,-0.28290866675254706,-0.32079367121209573,-0.634398552799177,0.6438886417641424,0.4091533180352661,0.16952688770505792,0.010000000000004103,-0.7287995325123731,-0.4875071721039836,0.8755026967032749,0.9984746646485373,-0.010740206566849044,0.05415710496225527,0.03500232496521125,-0.6354534253474464,-0.7713454358853934,0.042698727170971625,0.7720645000109116,-0.6341082135731096
27,-0.43348294240142415,-0.5835417717889587,1.0462919867679936,-0.35429689111156054,-0.1999055146201444,-0.3398297244151167,0.8479547491329261,0.010000000000007368,0.005000039072605218,0.005000034357149699,-0.43299184024509985,-0.5872253874625938,1.0429468717862622,0.09822043126588409,-0.6891115990420448,0.7179679316986658,-0.7367231347274226,0.4346653977033514,0.5179816741901084,-0.6690229963456742,-0.579819968701582,-0.46499143460450176
30,0.7499999999999996,-0.22273977546024384,1.612965123035956,0.8124803876047193,-0.4247467131003975,0.21083531394861899,0.3391376119811557,0.6999999999999997,0.010000000000035508,0.005000000000071017,0.7497274802837993,-0.21908883280985428,1.616370464541275,0.8332011179749469,-0.05450394324392629,0.5502774002048074,0.409151819700255,0.7301885300817688,-0.5471923783944692,-0.3719821036572443,0.6810683010593642,0.6306942871557046
39,0.31736897423259164,-0.06165531585204793,0.319548493997254,0.343916236621489,0.7570578805687416,-0.12837435624081056,0.5404674017150659,0.010000000000003003,0.005976176831231321,0.005976176831233294,0.31371882343077306,-0.05882469252335309,0.3214626441206852,0.7300301603639502,-0.6040162669458878,-0.3197191177013652,-0.5661246657388983,-0.7965443741221763,0.2121789878765834,-0.38283002468589894,0.026103818093618062,-0.9234499244030125
10,-0.659465248443266,-0.26178746628235666,0.6207043745688321,-0.2642814281615302,-0.30478495166471636,-0.6474518158020425,0.6465814768320205,0.27365699406700694,0.14147585405841434,0.010000000000001778,-0.6592056603070899,-0.26546959674740084,0.6173317599691557,0.9983587070939043,-0.024175441093250722,0.051917627235216736,0.02192294588707932,-0.6761626978615359,-0.7364260930088243,0.05290818852900132,0.7363555894189682,-0.6745229199352857
12,-0.11803019420517595,-0.4213099364586481,1.009919989458194,-0.3036377774304609,-0.29720609602024883,-0.6418973166072464,0.6383106387472397,0.23878114265068212,0.20046205418607138,0.01000000000000089,-0.11808213882080539,-0.4251558466503895,1.006725263092139,-0.000727257158361936,0.9999457692161661,0.010388923125886278,-0.6389737754786738,-0.008456129900988027,0.7691820383482879,0.7692281750869211,-0.006078856289433041,0.6389452732109828
13,-0.32271083599165884,-0.4175347971044834,1.0092758534041477,-0.30945065484375506,-0.296648917135105,-0.646562338742361,0.6310284100572249,0.2505845757080802,0.2075230059026285,0.010000000000000564,-0.32283968843762056,-0.4214055388281382,1.0061134562823544,-0.012086875834834726,0.9995948125712443,0.025770489192341,-0.6324020059066493,-0.027605131326434773,0.7741483447309674,0.7745460672921912,-0.006940274137926056,0.632479424358683
14,0.10917106278715738,-0.49773402309036446,1.1012861681476958,0.45732728037309855,-0.7828252920530162,0.36553539661852547,0.21076098919769837,0.010000000000016574,0.007038886731839602,0.007038886731861869,0.10914926002822156,-0.49390865205424306,1.1045058049402092,0.004360551787686212,-0.9847912663277482,-0.17368692337852362,-0.7650742072257471,-0.11512935804487999,0.6335666408153671,-0.6439273585009425,0.13012068506107727,-0.7539404248965793
15,0.08260593074627073,-0.41828095644177266,1.0035877746654327,-0.2907944250839464,-0.30959436915874106,-0.6450877986263724,0.6351784481456209,0.2238447489079002,0.19888454177781528,0.010000000000001813,0.08269652810053722,-0.4221251754589921,1.0003918753761796,0.023973882702838338,0.9995483668758343,0.01811947085329444,0.6394351005208677,-0.001399331193045639,-0.7688438034438985,-0.768471212974187,0.030018396827029396,-0.6391798578506028
19,-0.42388938564128226,-0.5042384814478981,1.117460886456252,-0.6641954433941337,0.6075117102153624,-0.2868394074980284,-0.32786748730524595,0.010000000000011493,0.007053384882117323,0.007053384882126778,-0.42380272653637463,-0.500318217546783,1.1205631471069952,0.017331820982940897,-0.8153866308169346,-0.5786572822201611,0.7840527802235946,0.37022069454998946,-0.49819461573824253,0.6204521301479003,-0.44506323102670625,0.6457227536512877
20,0.1300102013021229,-0.5900698627205895,1.203524655551033,-0.4746935896767067,-0.10701730172943882,-0.19308686494165897,0.8520157015204556,0.010000000000278736,0.009683255686660232,0.0050000000000564,0.13000543454581545,-0.5943209629916006,1.2008925226205291,0.0009533512371355426,-0.9025295194334276,-0.4306269356097976,0.8502200542094264,0.22742522712258142,-0.47476691701124496,0.5264265860892084,-0.36567503691051756,0.7675655130599295
21,-0.23964662276796228,-0.6431736554345979,1.284595067483044,-0.5735040910228967,-0.020105843426293502,0.025274597868731864,0.818565823463631,0.01000000000002006,0.005339025977480354,0.005339025977464285,-0.23933709235238873,-0.647863082248803,1.282888179356643,0.061906083113251055,0.08840211506049676,-0.9941592945430858,-0.9378853628402132,-0.3355369401835482,-0.08823835867888584,-0.34137762528270216,0.9378699418496643,0.0621392720527876
22,0.08070747689960862,-0.5667275891414659,1.1860769601695227,-0.30650422610687683,-0.3052740683435575,-0.6381127030679362,0.6369262757642595,0.19056290105542,0.18925724200182747,0.010000000000001799,0.08069600525175523,-0.570627787703141,1.1829483311437667,-0.0007601572391661819,-0.9999970791021306,-0.0022943295706762306,-0.6257259108295647,0.0022653248759456073,-0.7800397123350312,0.7800426313205474,0.0008426686261859899,-0.6257258051511886
